 1.00000000e+03  1.20395027e+01  1.00000000e+03 -8.36291833e-04 
 1.02329299e+03  1.20395026e+01  1.02329299e+03 -8.55771567e-04 
 1.04712855e+03  1.20395025e+01  1.04712855e+03 -8.75705042e-04 
 1.07151931e+03  1.20395024e+01  1.07151931e+03 -8.96102827e-04 
 1.09647820e+03  1.20395023e+01  1.09647820e+03 -9.16975737e-04 
 1.12201845e+03  1.20395022e+01  1.12201845e+03 -9.38334839e-04 
 1.14815362e+03  1.20395021e+01  1.14815362e+03 -9.60191457e-04 
 1.17489755e+03  1.20395019e+01  1.17489755e+03 -9.82557182e-04 
 1.20226443e+03  1.20395018e+01  1.20226443e+03 -1.00544387e-03 
 1.23026877e+03  1.20395017e+01  1.23026877e+03 -1.02886366e-03 
 1.25892541e+03  1.20395015e+01  1.25892541e+03 -1.05282896e-03 
 1.28824955e+03  1.20395014e+01  1.28824955e+03 -1.07735249e-03 
 1.31825674e+03  1.20395012e+01  1.31825674e+03 -1.10244724e-03 
 1.34896288e+03  1.20395010e+01  1.34896288e+03 -1.12812652e-03 
 1.38038426e+03  1.20395009e+01  1.38038426e+03 -1.15440395e-03 
 1.41253754e+03  1.20395007e+01  1.41253754e+03 -1.18129346e-03 
 1.44543977e+03  1.20395005e+01  1.44543977e+03 -1.20880931e-03 
 1.47910839e+03  1.20395003e+01  1.47910839e+03 -1.23696608e-03 
 1.51356125e+03  1.20395001e+01  1.51356125e+03 -1.26577870e-03 
 1.54881662e+03  1.20394998e+01  1.54881662e+03 -1.29526246e-03 
 1.58489319e+03  1.20394996e+01  1.58489319e+03 -1.32543298e-03 
 1.62181010e+03  1.20394994e+01  1.62181010e+03 -1.35630626e-03 
 1.65958691e+03  1.20394991e+01  1.65958691e+03 -1.38789867e-03 
 1.69824365e+03  1.20394989e+01  1.69824365e+03 -1.42022695e-03 
 1.73780083e+03  1.20394986e+01  1.73780083e+03 -1.45330826e-03 
 1.77827941e+03  1.20394983e+01  1.77827941e+03 -1.48716014e-03 
 1.81970086e+03  1.20394980e+01  1.81970086e+03 -1.52180052e-03 
 1.86208714e+03  1.20394977e+01  1.86208714e+03 -1.55724777e-03 
 1.90546072e+03  1.20394973e+01  1.90546072e+03 -1.59352070e-03 
 1.94984460e+03  1.20394970e+01  1.94984460e+03 -1.63063853e-03 
 1.99526231e+03  1.20394966e+01  1.99526231e+03 -1.66862094e-03 
 2.04173794e+03  1.20394962e+01  2.04173794e+03 -1.70748808e-03 
 2.08929613e+03  1.20394958e+01  2.08929613e+03 -1.74726054e-03 
 2.13796209e+03  1.20394954e+01  2.13796209e+03 -1.78795942e-03 
 2.18776162e+03  1.20394950e+01  2.18776162e+03 -1.82960629e-03 
 2.23872114e+03  1.20394945e+01  2.23872114e+03 -1.87222324e-03 
 2.29086765e+03  1.20394940e+01  2.29086765e+03 -1.91583287e-03 
 2.34422882e+03  1.20394935e+01  2.34422882e+03 -1.96045828e-03 
 2.39883292e+03  1.20394930e+01  2.39883292e+03 -2.00612316e-03 
 2.45470892e+03  1.20394924e+01  2.45470892e+03 -2.05285170e-03 
 2.51188643e+03  1.20394919e+01  2.51188643e+03 -2.10066868e-03 
 2.57039578e+03  1.20394913e+01  2.57039578e+03 -2.14959946e-03 
 2.63026799e+03  1.20394906e+01  2.63026799e+03 -2.19966997e-03 
 2.69153480e+03  1.20394900e+01  2.69153480e+03 -2.25090678e-03 
 2.75422870e+03  1.20394893e+01  2.75422870e+03 -2.30333703e-03 
 2.81838293e+03  1.20394885e+01  2.81838293e+03 -2.35698853e-03 
 2.88403150e+03  1.20394878e+01  2.88403150e+03 -2.41188973e-03 
 2.95120923e+03  1.20394870e+01  2.95120923e+03 -2.46806974e-03 
 3.01995172e+03  1.20394861e+01  3.01995172e+03 -2.52555834e-03 
 3.09029543e+03  1.20394852e+01  3.09029543e+03 -2.58438600e-03 
 3.16227766e+03  1.20394843e+01  3.16227766e+03 -2.64458393e-03 
 3.23593657e+03  1.20394834e+01  3.23593657e+03 -2.70618404e-03 
 3.31131121e+03  1.20394824e+01  3.31131121e+03 -2.76921899e-03 
 3.38844156e+03  1.20394813e+01  3.38844156e+03 -2.83372220e-03 
 3.46736850e+03  1.20394802e+01  3.46736850e+03 -2.89972787e-03 
 3.54813389e+03  1.20394790e+01  3.54813389e+03 -2.96727100e-03 
 3.63078055e+03  1.20394778e+01  3.63078055e+03 -3.03638739e-03 
 3.71535229e+03  1.20394766e+01  3.71535229e+03 -3.10711369e-03 
 3.80189396e+03  1.20394752e+01  3.80189396e+03 -3.17948740e-03 
 3.89045145e+03  1.20394738e+01  3.89045145e+03 -3.25354689e-03 
 3.98107171e+03  1.20394724e+01  3.98107171e+03 -3.32933143e-03 
 4.07380278e+03  1.20394709e+01  4.07380278e+03 -3.40688119e-03 
 4.16869383e+03  1.20394693e+01  4.16869383e+03 -3.48623730e-03 
 4.26579519e+03  1.20394676e+01  4.26579519e+03 -3.56744183e-03 
 4.36515832e+03  1.20394658e+01  4.36515832e+03 -3.65053782e-03 
 4.46683592e+03  1.20394640e+01  4.46683592e+03 -3.73556934e-03 
 4.57088190e+03  1.20394621e+01  4.57088190e+03 -3.82258147e-03 
 4.67735141e+03  1.20394601e+01  4.67735141e+03 -3.91162034e-03 
 4.78630092e+03  1.20394580e+01  4.78630092e+03 -4.00273315e-03 
 4.89778819e+03  1.20394558e+01  4.89778819e+03 -4.09596822e-03 
 5.01187234e+03  1.20394535e+01  5.01187234e+03 -4.19137497e-03 
 5.12861384e+03  1.20394510e+01  5.12861384e+03 -4.28900398e-03 
 5.24807460e+03  1.20394485e+01  5.24807460e+03 -4.38890702e-03 
 5.37031796e+03  1.20394459e+01  5.37031796e+03 -4.49113705e-03 
 5.49540874e+03  1.20394431e+01  5.49540874e+03 -4.59574827e-03 
 5.62341325e+03  1.20394402e+01  5.62341325e+03 -4.70279615e-03 
 5.75439937e+03  1.20394371e+01  5.75439937e+03 -4.81233742e-03 
 5.88843655e+03  1.20394339e+01  5.88843655e+03 -4.92443018e-03 
 6.02559586e+03  1.20394306e+01  6.02559586e+03 -5.03913384e-03 
 6.16595002e+03  1.20394271e+01  6.16595002e+03 -5.15650922e-03 
 6.30957344e+03  1.20394235e+01  6.30957344e+03 -5.27661854e-03 
 6.45654229e+03  1.20394196e+01  6.45654229e+03 -5.39952547e-03 
 6.60693448e+03  1.20394156e+01  6.60693448e+03 -5.52529519e-03 
 6.76082975e+03  1.20394114e+01  6.76082975e+03 -5.65399436e-03 
 6.91830971e+03  1.20394070e+01  6.91830971e+03 -5.78569121e-03 
 7.07945784e+03  1.20394024e+01  7.07945784e+03 -5.92045556e-03 
 7.24435960e+03  1.20393976e+01  7.24435960e+03 -6.05835886e-03 
 7.41310241e+03  1.20393925e+01  7.41310241e+03 -6.19947420e-03 
 7.58577575e+03  1.20393872e+01  7.58577575e+03 -6.34387640e-03 
 7.76247117e+03  1.20393817e+01  7.76247117e+03 -6.49164202e-03 
 7.94328235e+03  1.20393759e+01  7.94328235e+03 -6.64284937e-03 
 8.12830516e+03  1.20393698e+01  8.12830516e+03 -6.79757862e-03 
 8.31763771e+03  1.20393635e+01  8.31763771e+03 -6.95591180e-03 
 8.51138038e+03  1.20393568e+01  8.51138038e+03 -7.11793283e-03 
 8.70963590e+03  1.20393499e+01  8.70963590e+03 -7.28372760e-03 
 8.91250938e+03  1.20393426e+01  8.91250938e+03 -7.45338400e-03 
 9.12010839e+03  1.20393349e+01  9.12010839e+03 -7.62699196e-03 
 9.33254301e+03  1.20393269e+01  9.33254301e+03 -7.80464351e-03 
 9.54992586e+03  1.20393185e+01  9.54992586e+03 -7.98643282e-03 
 9.77237221e+03  1.20393098e+01  9.77237221e+03 -8.17245624e-03 
 1.00000000e+04  1.20393006e+01  1.00000000e+04 -8.36281239e-03 
 1.02329299e+04  1.20392909e+01  1.02329299e+04 -8.55760215e-03 
 1.04712855e+04  1.20392809e+01  1.04712855e+04 -8.75692878e-03 
 1.07151931e+04  1.20392703e+01  1.07151931e+04 -8.96089793e-03 
 1.09647820e+04  1.20392593e+01  1.09647820e+04 -9.16961771e-03 
 1.12201845e+04  1.20392477e+01  1.12201845e+04 -9.38319874e-03 
 1.14815362e+04  1.20392356e+01  1.14815362e+04 -9.60175423e-03 
 1.17489755e+04  1.20392229e+01  1.17489755e+04 -9.82540000e-03 
 1.20226443e+04  1.20392096e+01  1.20226443e+04 -1.00542546e-02 
 1.23026877e+04  1.20391957e+01  1.23026877e+04 -1.02884393e-02 
 1.25892541e+04  1.20391811e+01  1.25892541e+04 -1.05280782e-02 
 1.28824955e+04  1.20391659e+01  1.28824955e+04 -1.07732984e-02 
 1.31825674e+04  1.20391499e+01  1.31825674e+04 -1.10242297e-02 
 1.34896288e+04  1.20391332e+01  1.34896288e+04 -1.12810052e-02 
 1.38038426e+04  1.20391157e+01  1.38038426e+04 -1.15437609e-02 
 1.41253754e+04  1.20390974e+01  1.41253754e+04 -1.18126360e-02 
 1.44543977e+04  1.20390782e+01  1.44543977e+04 -1.20877731e-02 
 1.47910839e+04  1.20390581e+01  1.47910839e+04 -1.23693180e-02 
 1.51356125e+04  1.20390370e+01  1.51356125e+04 -1.26574197e-02 
 1.54881662e+04  1.20390150e+01  1.54881662e+04 -1.29522310e-02 
 1.58489319e+04  1.20389919e+01  1.58489319e+04 -1.32539080e-02 
 1.62181010e+04  1.20389677e+01  1.62181010e+04 -1.35626107e-02 
 1.65958691e+04  1.20389424e+01  1.65958691e+04 -1.38785024e-02 
 1.69824365e+04  1.20389159e+01  1.69824365e+04 -1.42017507e-02 
 1.73780083e+04  1.20388882e+01  1.73780083e+04 -1.45325267e-02 
 1.77827941e+04  1.20388591e+01  1.77827941e+04 -1.48710056e-02 
 1.81970086e+04  1.20388287e+01  1.81970086e+04 -1.52173668e-02 
 1.86208714e+04  1.20387968e+01  1.86208714e+04 -1.55717938e-02 
 1.90546072e+04  1.20387635e+01  1.90546072e+04 -1.59344741e-02 
 1.94984460e+04  1.20387285e+01  1.94984460e+04 -1.63056000e-02 
 1.99526231e+04  1.20386919e+01  1.99526231e+04 -1.66853680e-02 
 2.04173794e+04  1.20386536e+01  2.04173794e+04 -1.70739791e-02 
 2.08929613e+04  1.20386135e+01  2.08929613e+04 -1.74716393e-02 
 2.13796209e+04  1.20385715e+01  2.13796209e+04 -1.78785590e-02 
 2.18776162e+04  1.20385276e+01  2.18776162e+04 -1.82949537e-02 
 2.23872114e+04  1.20384815e+01  2.23872114e+04 -1.87210439e-02 
 2.29086765e+04  1.20384333e+01  2.29086765e+04 -1.91570551e-02 
 2.34422882e+04  1.20383828e+01  2.34422882e+04 -1.96032182e-02 
 2.39883292e+04  1.20383299e+01  2.39883292e+04 -2.00597694e-02 
 2.45470892e+04  1.20382746e+01  2.45470892e+04 -2.05269502e-02 
 2.51188643e+04  1.20382166e+01  2.51188643e+04 -2.10050080e-02 
 2.57039578e+04  1.20381559e+01  2.57039578e+04 -2.14941957e-02 
 2.63026799e+04  1.20380924e+01  2.63026799e+04 -2.19947722e-02 
 2.69153480e+04  1.20380258e+01  2.69153480e+04 -2.25070024e-02 
 2.75422870e+04  1.20379561e+01  2.75422870e+04 -2.30311573e-02 
 2.81838293e+04  1.20378832e+01  2.81838293e+04 -2.35675140e-02 
 2.88403150e+04  1.20378067e+01  2.88403150e+04 -2.41163565e-02 
 2.95120923e+04  1.20377267e+01  2.95120923e+04 -2.46779748e-02 
 3.01995172e+04  1.20376430e+01  3.01995172e+04 -2.52526661e-02 
 3.09029543e+04  1.20375552e+01  3.09029543e+04 -2.58407342e-02 
 3.16227766e+04  1.20374634e+01  3.16227766e+04 -2.64424900e-02 
 3.23593657e+04  1.20373672e+01  3.23593657e+04 -2.70582516e-02 
 3.31131121e+04  1.20372665e+01  3.31131121e+04 -2.76883445e-02 
 3.38844156e+04  1.20371610e+01  3.38844156e+04 -2.83331016e-02 
 3.46736850e+04  1.20370506e+01  3.46736850e+04 -2.89928637e-02 
 3.54813389e+04  1.20369350e+01  3.54813389e+04 -2.96679792e-02 
 3.63078055e+04  1.20368139e+01  3.63078055e+04 -3.03588049e-02 
 3.71535229e+04  1.20366871e+01  3.71535229e+04 -3.10657055e-02 
 3.80189396e+04  1.20365544e+01  3.80189396e+04 -3.17890542e-02 
 3.89045145e+04  1.20364154e+01  3.89045145e+04 -3.25292330e-02 
 3.98107171e+04  1.20362698e+01  3.98107171e+04 -3.32866326e-02 
 4.07380278e+04  1.20361174e+01  4.07380278e+04 -3.40616525e-02 
 4.16869383e+04  1.20359579e+01  4.16869383e+04 -3.48547017e-02 
 4.26579519e+04  1.20357908e+01  4.26579519e+04 -3.56661985e-02 
 4.36515832e+04  1.20356158e+01  4.36515832e+04 -3.64965708e-02 
 4.46683592e+04  1.20354326e+01  4.46683592e+04 -3.73462564e-02 
 4.57088190e+04  1.20352408e+01  4.57088190e+04 -3.82157030e-02 
 4.67735141e+04  1.20350400e+01  4.67735141e+04 -3.91053688e-02 
 4.78630092e+04  1.20348297e+01  4.78630092e+04 -4.00157224e-02 
 4.89778819e+04  1.20346094e+01  4.89778819e+04 -4.09472431e-02 
 5.01187234e+04  1.20343789e+01  5.01187234e+04 -4.19004214e-02 
 5.12861384e+04  1.20341374e+01  5.12861384e+04 -4.28757588e-02 
 5.24807460e+04  1.20338847e+01  5.24807460e+04 -4.38737684e-02 
 5.37031796e+04  1.20336200e+01  5.37031796e+04 -4.48949749e-02 
 5.49540874e+04  1.20333428e+01  5.49540874e+04 -4.59399152e-02 
 5.62341325e+04  1.20330526e+01  5.62341325e+04 -4.70091383e-02 
 5.75439937e+04  1.20327488e+01  5.75439937e+04 -4.81032057e-02 
 5.88843655e+04  1.20324306e+01  5.88843655e+04 -4.92226918e-02 
 6.02559586e+04  1.20320975e+01  6.02559586e+04 -5.03681839e-02 
 6.16595002e+04  1.20317488e+01  6.16595002e+04 -5.15402829e-02 
 6.30957344e+04  1.20313836e+01  6.30957344e+04 -5.27396031e-02 
 6.45654229e+04  1.20310012e+01  6.45654229e+04 -5.39667728e-02 
 6.60693448e+04  1.20306008e+01  6.60693448e+04 -5.52224347e-02 
 6.76082975e+04  1.20301817e+01  6.76082975e+04 -5.65072457e-02 
 6.91830971e+04  1.20297428e+01  6.91830971e+04 -5.78218778e-02 
 7.07945784e+04  1.20292832e+01  7.07945784e+04 -5.91670181e-02 
 7.24435960e+04  1.20288021e+01  7.24435960e+04 -6.05433690e-02 
 7.41310241e+04  1.20282983e+01  7.41310241e+04 -6.19516490e-02 
 7.58577575e+04  1.20277709e+01  7.58577575e+04 -6.33925924e-02 
 7.76247117e+04  1.20272187e+01  7.76247117e+04 -6.48669502e-02 
 7.94328235e+04  1.20266405e+01  7.94328235e+04 -6.63754899e-02 
 8.12830516e+04  1.20260352e+01  8.12830516e+04 -6.79189964e-02 
 8.31763771e+04  1.20254014e+01  8.31763771e+04 -6.94982719e-02 
 8.51138038e+04  1.20247378e+01  8.51138038e+04 -7.11141365e-02 
 8.70963590e+04  1.20240431e+01  8.70963590e+04 -7.27674285e-02 
 8.91250938e+04  1.20233158e+01  8.91250938e+04 -7.44590046e-02 
 9.12010839e+04  1.20225543e+01  9.12010839e+04 -7.61897405e-02 
 9.33254301e+04  1.20217570e+01  9.33254301e+04 -7.79605312e-02 
 9.54992586e+04  1.20209224e+01  9.54992586e+04 -7.97722911e-02 
 9.77237221e+04  1.20200486e+01  9.77237221e+04 -8.16259549e-02 
 1.00000000e+05  1.20191338e+01  1.00000000e+05 -8.35224773e-02 
 1.02329299e+05  1.20181760e+01  1.02329299e+05 -8.54628342e-02 
 1.04712855e+05  1.20171734e+01  1.04712855e+05 -8.74480223e-02 
 1.07151931e+05  1.20161238e+01  1.07151931e+05 -8.94790599e-02 
 1.09647820e+05  1.20150249e+01  1.09647820e+05 -9.15569871e-02 
 1.12201845e+05  1.20138746e+01  1.12201845e+05 -9.36828665e-02 
 1.14815362e+05  1.20126704e+01  1.14815362e+05 -9.58577830e-02 
 1.17489755e+05  1.20114098e+01  1.17489755e+05 -9.80828448e-02 
 1.20226443e+05  1.20100901e+01  1.20226443e+05 -1.00359183e-01 
 1.23026877e+05  1.20087087e+01  1.23026877e+05 -1.02687954e-01 
 1.25892541e+05  1.20072627e+01  1.25892541e+05 -1.05070336e-01 
 1.28824955e+05  1.20057490e+01  1.28824955e+05 -1.07507534e-01 
 1.31825674e+05  1.20041645e+01  1.31825674e+05 -1.10000777e-01 
 1.34896288e+05  1.20025060e+01  1.34896288e+05 -1.12551318e-01 
 1.38038426e+05  1.20007700e+01  1.38038426e+05 -1.15160437e-01 
 1.41253754e+05  1.19989529e+01  1.41253754e+05 -1.17829440e-01 
 1.44543977e+05  1.19970510e+01  1.44543977e+05 -1.20559660e-01 
 1.47910839e+05  1.19950603e+01  1.47910839e+05 -1.23352454e-01 
 1.51356125e+05  1.19929768e+01  1.51356125e+05 -1.26209208e-01 
 1.54881662e+05  1.19907961e+01  1.54881662e+05 -1.29131335e-01 
 1.58489319e+05  1.19885138e+01  1.58489319e+05 -1.32120276e-01 
 1.62181010e+05  1.19861253e+01  1.62181010e+05 -1.35177499e-01 
 1.65958691e+05  1.19836256e+01  1.65958691e+05 -1.38304499e-01 
 1.69824365e+05  1.19810095e+01  1.69824365e+05 -1.41502802e-01 
 1.73780083e+05  1.19782719e+01  1.73780083e+05 -1.44773960e-01 
 1.77827941e+05  1.19754071e+01  1.77827941e+05 -1.48119555e-01 
 1.81970086e+05  1.19724093e+01  1.81970086e+05 -1.51541199e-01 
 1.86208714e+05  1.19692724e+01  1.86208714e+05 -1.55040529e-01 
 1.90546072e+05  1.19659900e+01  1.90546072e+05 -1.58619216e-01 
 1.94984460e+05  1.19625556e+01  1.94984460e+05 -1.62278956e-01 
 1.99526231e+05  1.19589622e+01  1.99526231e+05 -1.66021478e-01 
 2.04173794e+05  1.19552027e+01  2.04173794e+05 -1.69848537e-01 
 2.08929613e+05  1.19512694e+01  2.08929613e+05 -1.73761918e-01 
 2.13796209e+05  1.19471545e+01  2.13796209e+05 -1.77763437e-01 
 2.18776162e+05  1.19428498e+01  2.18776162e+05 -1.81854935e-01 
 2.23872114e+05  1.19383467e+01  2.23872114e+05 -1.86038286e-01 
 2.29086765e+05  1.19336364e+01  2.29086765e+05 -1.90315390e-01 
 2.34422882e+05  1.19287095e+01  2.34422882e+05 -1.94688174e-01 
 2.39883292e+05  1.19235564e+01  2.39883292e+05 -1.99158595e-01 
 2.45470892e+05  1.19181669e+01  2.45470892e+05 -2.03728636e-01 
 2.51188643e+05  1.19125304e+01  2.51188643e+05 -2.08400307e-01 
 2.57039578e+05  1.19066361e+01  2.57039578e+05 -2.13175643e-01 
 2.63026799e+05  1.19004725e+01  2.63026799e+05 -2.18056707e-01 
 2.69153480e+05  1.18940277e+01  2.69153480e+05 -2.23045582e-01 
 2.75422870e+05  1.18872892e+01  2.75422870e+05 -2.28144380e-01 
 2.81838293e+05  1.18802443e+01  2.81838293e+05 -2.33355230e-01 
 2.88403150e+05  1.18728795e+01  2.88403150e+05 -2.38680286e-01 
 2.95120923e+05  1.18651808e+01  2.95120923e+05 -2.44121722e-01 
 3.01995172e+05  1.18571338e+01  3.01995172e+05 -2.49681730e-01 
 3.09029543e+05  1.18487233e+01  3.09029543e+05 -2.55362518e-01 
 3.16227766e+05  1.18399337e+01  3.16227766e+05 -2.61166312e-01 
 3.23593657e+05  1.18307487e+01  3.23593657e+05 -2.67095351e-01 
 3.31131121e+05  1.18211514e+01  3.31131121e+05 -2.73151886e-01 
 3.38844156e+05  1.18111243e+01  3.38844156e+05 -2.79338176e-01 
 3.46736850e+05  1.18006491e+01  3.46736850e+05 -2.85656491e-01 
 3.54813389e+05  1.17897070e+01  3.54813389e+05 -2.92109105e-01 
 3.63078055e+05  1.17782784e+01  3.63078055e+05 -2.98698293e-01 
 3.71535229e+05  1.17663430e+01  3.71535229e+05 -3.05426331e-01 
 3.80189396e+05  1.17538798e+01  3.80189396e+05 -3.12295494e-01 
 3.89045145e+05  1.17408671e+01  3.89045145e+05 -3.19308047e-01 
 3.98107171e+05  1.17272825e+01  3.98107171e+05 -3.26466249e-01 
 4.07380278e+05  1.17131025e+01  4.07380278e+05 -3.33772343e-01 
 4.16869383e+05  1.16983032e+01  4.16869383e+05 -3.41228557e-01 
 4.26579519e+05  1.16828598e+01  4.26579519e+05 -3.48837098e-01 
 4.36515832e+05  1.16667467e+01  4.36515832e+05 -3.56600149e-01 
 4.46683592e+05  1.16499373e+01  4.46683592e+05 -3.64519862e-01 
 4.57088190e+05  1.16324046e+01  4.57088190e+05 -3.72598355e-01 
 4.67735141e+05  1.16141203e+01  4.67735141e+05 -3.80837711e-01 
 4.78630092e+05  1.15950557e+01  4.78630092e+05 -3.89239965e-01 
 4.89778819e+05  1.15751810e+01  4.89778819e+05 -3.97807107e-01 
 5.01187234e+05  1.15544656e+01  5.01187234e+05 -4.06541071e-01 
 5.12861384e+05  1.15328783e+01  5.12861384e+05 -4.15443733e-01 
 5.24807460e+05  1.15103869e+01  5.24807460e+05 -4.24516901e-01 
 5.37031796e+05  1.14869584e+01  5.37031796e+05 -4.33762316e-01 
 5.49540874e+05  1.14625592e+01  5.49540874e+05 -4.43181638e-01 
 5.62341325e+05  1.14371545e+01  5.62341325e+05 -4.52776447e-01 
 5.75439937e+05  1.14107093e+01  5.75439937e+05 -4.62548233e-01 
 5.88843655e+05  1.13831875e+01  5.88843655e+05 -4.72498388e-01 
 6.02559586e+05  1.13545525e+01  6.02559586e+05 -4.82628205e-01 
 6.16595002e+05  1.13247668e+01  6.16595002e+05 -4.92938866e-01 
 6.30957344e+05  1.12937924e+01  6.30957344e+05 -5.03431441e-01 
 6.45654229e+05  1.12615908e+01  6.45654229e+05 -5.14106877e-01 
 6.60693448e+05  1.12281229e+01  6.60693448e+05 -5.24965994e-01 
 6.76082975e+05  1.11933489e+01  6.76082975e+05 -5.36009478e-01 
 6.91830971e+05  1.11572289e+01  6.91830971e+05 -5.47237875e-01 
 7.07945784e+05  1.11197224e+01  7.07945784e+05 -5.58651587e-01 
 7.24435960e+05  1.10807885e+01  7.24435960e+05 -5.70250865e-01 
 7.41310241e+05  1.10403863e+01  7.41310241e+05 -5.82035803e-01 
 7.58577575e+05  1.09984746e+01  7.58577575e+05 -5.94006334e-01 
 7.76247117e+05  1.09550120e+01  7.76247117e+05 -6.06162224e-01 
 7.94328235e+05  1.09099572e+01  7.94328235e+05 -6.18503073e-01 
 8.12830516e+05  1.08632691e+01  8.12830516e+05 -6.31028304e-01 
 8.31763771e+05  1.08149065e+01  8.31763771e+05 -6.43737167e-01 
 8.51138038e+05  1.07648286e+01  8.51138038e+05 -6.56628730e-01 
 8.70963590e+05  1.07129950e+01  8.70963590e+05 -6.69701885e-01 
 8.91250938e+05  1.06593656e+01  8.91250938e+05 -6.82955339e-01 
 9.12010839e+05  1.06039013e+01  9.12010839e+05 -6.96387620e-01 
 9.33254301e+05  1.05465631e+01  9.33254301e+05 -7.09997076e-01 
 9.54992586e+05  1.04873132e+01  9.54992586e+05 -7.23781874e-01 
 9.77237221e+05  1.04261145e+01  9.77237221e+05 -7.37740006e-01 
 1.00000000e+06  1.03629312e+01  1.00000000e+06 -7.51869289e-01 
 1.02329299e+06  1.02977282e+01  1.02329299e+06 -7.66167372e-01 
 1.04712855e+06  1.02304721e+01  1.04712855e+06 -7.80631742e-01 
 1.07151931e+06  1.01611305e+01  1.07151931e+06 -7.95259725e-01 
 1.09647820e+06  1.00896728e+01  1.09647820e+06 -8.10048500e-01 
 1.12201845e+06  1.00160695e+01  1.12201845e+06 -8.24995102e-01 
 1.14815362e+06  9.94029336e+00  1.14815362e+06 -8.40096435e-01 
 1.17489755e+06  9.86231844e+00  1.17489755e+06 -8.55349278e-01 
 1.20226443e+06  9.78212089e+00  1.20226443e+06 -8.70750301e-01 
 1.23026877e+06  9.69967876e+00  1.23026877e+06 -8.86296074e-01 
 1.25892541e+06  9.61497214e+00  1.25892541e+06 -9.01983076e-01 
 1.28824955e+06  9.52798323e+00  1.28824955e+06 -9.17807719e-01 
 1.31825674e+06  9.43869639e+00  1.31825674e+06 -9.33766349e-01 
 1.34896288e+06  9.34709822e+00  1.34896288e+06 -9.49855272e-01 
 1.38038426e+06  9.25317760e+00  1.38038426e+06 -9.66070762e-01 
 1.41253754e+06  9.15692569e+00  1.41253754e+06 -9.82409080e-01 
 1.44543977e+06  9.05833602e+00  1.44543977e+06 -9.98866488e-01 
 1.47910839e+06  8.95740447e+00  1.47910839e+06 -1.01543927e+00 
 1.51356125e+06  8.85412930e+00  1.51356125e+06 -1.03212373e+00 
 1.54881662e+06  8.74851112e+00  1.54881662e+06 -1.04891625e+00 
 1.58489319e+06  8.64055287e+00  1.58489319e+06 -1.06581325e+00 
 1.62181010e+06  8.53025987e+00  1.62181010e+06 -1.08281126e+00 
 1.65958691e+06  8.41763967e+00  1.65958691e+06 -1.09990687e+00 
 1.69824365e+06  8.30270213e+00  1.69824365e+06 -1.11709683e+00 
 1.73780083e+06  8.18545927e+00  1.73780083e+06 -1.13437798e+00 
 1.77827941e+06  8.06592525e+00  1.77827941e+06 -1.15174733e+00 
 1.81970086e+06  7.94411630e+00  1.81970086e+06 -1.16920203e+00 
 1.86208714e+06  7.82005065e+00  1.86208714e+06 -1.18673939e+00 
 1.90546072e+06  7.69374841e+00  1.90546072e+06 -1.20435692e+00 
 1.94984460e+06  7.56523150e+00  1.94984460e+06 -1.22205231e+00 
 1.99526231e+06  7.43452358e+00  1.99526231e+06 -1.23982346e+00 
 2.04173794e+06  7.30164988e+00  2.04173794e+06 -1.25766845e+00 
 2.08929613e+06  7.16663716e+00  2.08929613e+06 -1.27558561e+00 
 2.13796209e+06  7.02951355e+00  2.13796209e+06 -1.29357349e+00 
 2.18776162e+06  6.89030848e+00  2.18776162e+06 -1.31163083e+00 
 2.23872114e+06  6.74905252e+00  2.23872114e+06 -1.32975665e+00 
 2.29086765e+06  6.60577728e+00  2.29086765e+06 -1.34795018e+00 
 2.34422882e+06  6.46051533e+00  2.34422882e+06 -1.36621090e+00 
 2.39883292e+06  6.31330001e+00  2.39883292e+06 -1.38453850e+00 
 2.45470892e+06  6.16416539e+00  2.45470892e+06 -1.40293295e+00 
 2.51188643e+06  6.01314609e+00  2.51188643e+06 -1.42139442e+00 
 2.57039578e+06  5.86027722e+00  2.57039578e+06 -1.43992333e+00 
 2.63026799e+06  5.70559423e+00  2.63026799e+06 -1.45852033e+00 
 2.69153480e+06  5.54913284e+00  2.69153480e+06 -1.47718628e+00 
 2.75422870e+06  5.39092891e+00  2.75422870e+06 -1.49592228e+00 
 2.81838293e+06  5.23101835e+00  2.81838293e+06 -1.51472963e+00 
 2.88403150e+06  5.06943705e+00  2.88403150e+06 -1.53360984e+00 
 2.95120923e+06  4.90622073e+00  2.95120923e+06 -1.55256460e+00 
 3.01995172e+06  4.74140494e+00  3.01995172e+06 -1.57159582e+00 
 3.09029543e+06  4.57502491e+00  3.09029543e+06 -1.59070555e+00 
 3.16227766e+06  4.40711551e+00  3.16227766e+06 -1.60989604e+00 
 3.23593657e+06  4.23771119e+00  3.23593657e+06 -1.62916966e+00 
 3.31131121e+06  4.06684591e+00  3.31131121e+06 -1.64852895e+00 
 3.38844156e+06  3.89455305e+00  3.38844156e+06 -1.66797657e+00 
 3.46736850e+06  3.72086542e+00  3.46736850e+06 -1.68751530e+00 
 3.54813389e+06  3.54581519e+00  3.54813389e+06 -1.70714801e+00 
 3.63078055e+06  3.36943382e+00  3.63078055e+06 -1.72687768e+00 
 3.71535229e+06  3.19175209e+00  3.71535229e+06 -1.74670734e+00 
 3.80189396e+06  3.01280002e+00  3.80189396e+06 -1.76664009e+00 
 3.89045145e+06  2.83260687e+00  3.89045145e+06 -1.78667908e+00 
 3.98107171e+06  2.65120113e+00  3.98107171e+06 -1.80682747e+00 
 4.07380278e+06  2.46861050e+00  4.07380278e+06 -1.82708844e+00 
 4.16869383e+06  2.28486186e+00  4.16869383e+06 -1.84746516e+00 
 4.26579519e+06  2.09998134e+00  4.26579519e+06 -1.86796078e+00 
 4.36515832e+06  1.91399425e+00  4.36515832e+06 -1.88857841e+00 
 4.46683592e+06  1.72692513e+00  4.46683592e+06 -1.90932109e+00 
 4.57088190e+06  1.53879773e+00  4.57088190e+06 -1.93019180e+00 
 4.67735141e+06  1.34963509e+00  4.67735141e+06 -1.95119341e+00 
 4.78630092e+06  1.15945950e+00  4.78630092e+06 -1.97232869e+00 
 4.89778819e+06  9.68292535e-01  4.89778819e+06 -1.99360028e+00 
 5.01187234e+06  7.76155129e-01  5.01187234e+06 -2.01501067e+00 
 5.12861384e+06  5.83067561e-01  5.12861384e+06 -2.03656218e+00 
 5.24807460e+06  3.89049514e-01  5.24807460e+06 -2.05825694e+00 
 5.37031796e+06  1.94120113e-01  5.37031796e+06 -2.08009690e+00 
 5.49540874e+06 -1.70203738e-03  5.49540874e+06 -2.10208378e+00 
 5.62341325e+06 -1.98398800e-01  5.62341325e+06 -2.12421906e+00 
 5.75439937e+06 -3.95952463e-01  5.75439937e+06 -2.14650396e+00 
 5.88843655e+06 -5.94345685e-01  5.88843655e+06 -2.16893943e+00 
 6.02559586e+06 -7.93561446e-01  6.02559586e+06 -2.19152616e+00 
 6.16595002e+06 -9.93582994e-01  6.16595002e+06 -2.21426450e+00 
 6.30957344e+06 -1.19439379e+00  6.30957344e+06 -2.23715451e+00 
 6.45654229e+06 -1.39597744e+00  6.45654229e+06 -2.26019588e+00 
 6.60693448e+06 -1.59831767e+00  6.60693448e+06 -2.28338800e+00 
 6.76082975e+06 -1.80139824e+00  6.76082975e+06 -2.30672986e+00 
 6.91830971e+06 -2.00520291e+00  6.91830971e+06 -2.33022009e+00 
 7.07945784e+06 -2.20971534e+00  7.07945784e+06 -2.35385695e+00 
 7.24435960e+06 -2.41491913e+00  7.24435960e+06 -2.37763828e+00 
 7.41310241e+06 -2.62079765e+00  7.41310241e+06 -2.40156155e+00 
 7.58577575e+06 -2.82733409e+00  7.58577575e+06 -2.42562378e+00 
 7.76247117e+06 -3.03451136e+00  7.76247117e+06 -2.44982161e+00 
 7.94328235e+06 -3.24231205e+00  7.94328235e+06 -2.47415124e+00 
 8.12830516e+06 -3.45071842e+00  8.12830516e+06 -2.49860844e+00 
 8.31763771e+06 -3.65971234e+00  8.31763771e+06 -2.52318857e+00 
 8.51138038e+06 -3.86927523e+00  8.51138038e+06 -2.54788655e+00 
 8.70963590e+06 -4.07938811e+00  8.70963590e+06 -2.57269690e+00 
 8.91250938e+06 -4.29003150e+00  8.91250938e+06 -2.59761370e+00 
 9.12010839e+06 -4.50118546e+00  9.12010839e+06 -2.62263063e+00 
 9.33254301e+06 -4.71282952e+00  9.33254301e+06 -2.64774094e+00 
 9.54992586e+06 -4.92494276e+00  9.54992586e+06 -2.67293751e+00 
 9.77237221e+06 -5.13750373e+00  9.77237221e+06 -2.69821284e+00 
 1.00000000e+07 -5.35049051e+00  1.00000000e+07 -2.72355902e+00 
