 1.00000000e+03  2.95357692e+01  1.00000000e+03 -6.23915975e-03 
 1.02329299e+03  2.95357616e+01  1.02329299e+03 -6.38448480e-03 
 1.04712855e+03  2.95357536e+01  1.04712855e+03 -6.53319465e-03 
 1.07151931e+03  2.95357452e+01  1.07151931e+03 -6.68536811e-03 
 1.09647820e+03  2.95357365e+01  1.09647820e+03 -6.84108585e-03 
 1.12201845e+03  2.95357273e+01  1.12201845e+03 -7.00043040e-03 
 1.14815362e+03  2.95357177e+01  1.14815362e+03 -7.16348622e-03 
 1.17489755e+03  2.95357077e+01  1.17489755e+03 -7.33033972e-03 
 1.20226443e+03  2.95356972e+01  1.20226443e+03 -7.50107935e-03 
 1.23026877e+03  2.95356862e+01  1.23026877e+03 -7.67579559e-03 
 1.25892541e+03  2.95356746e+01  1.25892541e+03 -7.85458104e-03 
 1.28824955e+03  2.95356626e+01  1.28824955e+03 -8.03753046e-03 
 1.31825674e+03  2.95356499e+01  1.31825674e+03 -8.22474079e-03 
 1.34896288e+03  2.95356367e+01  1.34896288e+03 -8.41631126e-03 
 1.38038426e+03  2.95356228e+01  1.38038426e+03 -8.61234337e-03 
 1.41253754e+03  2.95356083e+01  1.41253754e+03 -8.81294102e-03 
 1.44543977e+03  2.95355931e+01  1.44543977e+03 -9.01821050e-03 
 1.47910839e+03  2.95355772e+01  1.47910839e+03 -9.22826059e-03 
 1.51356125e+03  2.95355606e+01  1.51356125e+03 -9.44320259e-03 
 1.54881662e+03  2.95355431e+01  1.54881662e+03 -9.66315038e-03 
 1.58489319e+03  2.95355248e+01  1.58489319e+03 -9.88822051e-03 
 1.62181010e+03  2.95355057e+01  1.62181010e+03 -1.01185322e-02 
 1.65958691e+03  2.95354857e+01  1.65958691e+03 -1.03542076e-02 
 1.69824365e+03  2.95354647e+01  1.69824365e+03 -1.05953714e-02 
 1.73780083e+03  2.95354427e+01  1.73780083e+03 -1.08421514e-02 
 1.77827941e+03  2.95354197e+01  1.77827941e+03 -1.10946784e-02 
 1.81970086e+03  2.95353957e+01  1.81970086e+03 -1.13530861e-02 
 1.86208714e+03  2.95353704e+01  1.86208714e+03 -1.16175115e-02 
 1.90546072e+03  2.95353440e+01  1.90546072e+03 -1.18880945e-02 
 1.94984460e+03  2.95353164e+01  1.94984460e+03 -1.21649786e-02 
 1.99526231e+03  2.95352874e+01  1.99526231e+03 -1.24483103e-02 
 2.04173794e+03  2.95352571e+01  2.04173794e+03 -1.27382397e-02 
 2.08929613e+03  2.95352254e+01  2.08929613e+03 -1.30349204e-02 
 2.13796209e+03  2.95351921e+01  2.13796209e+03 -1.33385094e-02 
 2.18776162e+03  2.95351573e+01  2.18776162e+03 -1.36491675e-02 
 2.23872114e+03  2.95351209e+01  2.23872114e+03 -1.39670593e-02 
 2.29086765e+03  2.95350827e+01  2.29086765e+03 -1.42923529e-02 
 2.34422882e+03  2.95350427e+01  2.34422882e+03 -1.46252207e-02 
 2.39883292e+03  2.95350009e+01  2.39883292e+03 -1.49658389e-02 
 2.45470892e+03  2.95349571e+01  2.45470892e+03 -1.53143877e-02 
 2.51188643e+03  2.95349112e+01  2.51188643e+03 -1.56710517e-02 
 2.57039578e+03  2.95348631e+01  2.57039578e+03 -1.60360195e-02 
 2.63026799e+03  2.95348128e+01  2.63026799e+03 -1.64094844e-02 
 2.69153480e+03  2.95347601e+01  2.69153480e+03 -1.67916440e-02 
 2.75422870e+03  2.95347050e+01  2.75422870e+03 -1.71827005e-02 
 2.81838293e+03  2.95346472e+01  2.81838293e+03 -1.75828608e-02 
 2.88403150e+03  2.95345867e+01  2.88403150e+03 -1.79923366e-02 
 2.95120923e+03  2.95345234e+01  2.95120923e+03 -1.84113445e-02 
 3.01995172e+03  2.95344571e+01  3.01995172e+03 -1.88401060e-02 
 3.09029543e+03  2.95343876e+01  3.09029543e+03 -1.92788480e-02 
 3.16227766e+03  2.95343149e+01  3.16227766e+03 -1.97278024e-02 
 3.23593657e+03  2.95342388e+01  3.23593657e+03 -2.01872066e-02 
 3.31131121e+03  2.95341590e+01  3.31131121e+03 -2.06573034e-02 
 3.38844156e+03  2.95340756e+01  3.38844156e+03 -2.11383414e-02 
 3.46736850e+03  2.95339881e+01  3.46736850e+03 -2.16305747e-02 
 3.54813389e+03  2.95338966e+01  3.54813389e+03 -2.21342635e-02 
 3.63078055e+03  2.95338008e+01  3.63078055e+03 -2.26496738e-02 
 3.71535229e+03  2.95337004e+01  3.71535229e+03 -2.31770779e-02 
 3.80189396e+03  2.95335953e+01  3.80189396e+03 -2.37167544e-02 
 3.89045145e+03  2.95334853e+01  3.89045145e+03 -2.42689881e-02 
 3.98107171e+03  2.95333701e+01  3.98107171e+03 -2.48340707e-02 
 4.07380278e+03  2.95332494e+01  4.07380278e+03 -2.54123004e-02 
 4.16869383e+03  2.95331231e+01  4.16869383e+03 -2.60039824e-02 
 4.26579519e+03  2.95329908e+01  4.26579519e+03 -2.66094288e-02 
 4.36515832e+03  2.95328523e+01  4.36515832e+03 -2.72289590e-02 
 4.46683592e+03  2.95327073e+01  4.46683592e+03 -2.78628997e-02 
 4.57088190e+03  2.95325554e+01  4.57088190e+03 -2.85115850e-02 
 4.67735141e+03  2.95323964e+01  4.67735141e+03 -2.91753570e-02 
 4.78630092e+03  2.95322299e+01  4.78630092e+03 -2.98545653e-02 
 4.89778819e+03  2.95320556e+01  4.89778819e+03 -3.05495677e-02 
 5.01187234e+03  2.95318730e+01  5.01187234e+03 -3.12607302e-02 
 5.12861384e+03  2.95316819e+01  5.12861384e+03 -3.19884273e-02 
 5.24807460e+03  2.95314817e+01  5.24807460e+03 -3.27330418e-02 
 5.37031796e+03  2.95312722e+01  5.37031796e+03 -3.34949654e-02 
 5.49540874e+03  2.95310528e+01  5.49540874e+03 -3.42745989e-02 
 5.62341325e+03  2.95308230e+01  5.62341325e+03 -3.50723521e-02 
 5.75439937e+03  2.95305824e+01  5.75439937e+03 -3.58886441e-02 
 5.88843655e+03  2.95303305e+01  5.88843655e+03 -3.67239037e-02 
 6.02559586e+03  2.95300668e+01  6.02559586e+03 -3.75785694e-02 
 6.16595002e+03  2.95297906e+01  6.16595002e+03 -3.84530896e-02 
 6.30957344e+03  2.95295014e+01  6.30957344e+03 -3.93479231e-02 
 6.45654229e+03  2.95291987e+01  6.45654229e+03 -4.02635390e-02 
 6.60693448e+03  2.95288816e+01  6.60693448e+03 -4.12004169e-02 
 6.76082975e+03  2.95285497e+01  6.76082975e+03 -4.21590475e-02 
 6.91830971e+03  2.95282022e+01  6.91830971e+03 -4.31399325e-02 
 7.07945784e+03  2.95278383e+01  7.07945784e+03 -4.41435848e-02 
 7.24435960e+03  2.95274572e+01  7.24435960e+03 -4.51705291e-02 
 7.41310241e+03  2.95270583e+01  7.41310241e+03 -4.62213017e-02 
 7.58577575e+03  2.95266406e+01  7.58577575e+03 -4.72964512e-02 
 7.76247117e+03  2.95262033e+01  7.76247117e+03 -4.83965382e-02 
 7.94328235e+03  2.95257454e+01  7.94328235e+03 -4.95221362e-02 
 8.12830516e+03  2.95252659e+01  8.12830516e+03 -5.06738312e-02 
 8.31763771e+03  2.95247639e+01  8.31763771e+03 -5.18522224e-02 
 8.51138038e+03  2.95242384e+01  8.51138038e+03 -5.30579224e-02 
 8.70963590e+03  2.95236881e+01  8.70963590e+03 -5.42915575e-02 
 8.91250938e+03  2.95231120e+01  8.91250938e+03 -5.55537675e-02 
 9.12010839e+03  2.95225088e+01  9.12010839e+03 -5.68452068e-02 
 9.33254301e+03  2.95218772e+01  9.33254301e+03 -5.81665439e-02 
 9.54992586e+03  2.95212160e+01  9.54992586e+03 -5.95184622e-02 
 9.77237221e+03  2.95205238e+01  9.77237221e+03 -6.09016600e-02 
 1.00000000e+04  2.95197990e+01  1.00000000e+04 -6.23168509e-02 
 1.02329299e+04  2.95190402e+01  1.02329299e+04 -6.37647641e-02 
 1.04712855e+04  2.95182458e+01  1.04712855e+04 -6.52461445e-02 
 1.07151931e+04  2.95174141e+01  1.07151931e+04 -6.67617533e-02 
 1.09647820e+04  2.95165434e+01  1.09647820e+04 -6.83123681e-02 
 1.12201845e+04  2.95156318e+01  1.12201845e+04 -6.98987830e-02 
 1.14815362e+04  2.95146775e+01  1.14815362e+04 -7.15218095e-02 
 1.17489755e+04  2.95136785e+01  1.17489755e+04 -7.31822760e-02 
 1.20226443e+04  2.95126325e+01  1.20226443e+04 -7.48810287e-02 
 1.23026877e+04  2.95115376e+01  1.23026877e+04 -7.66189317e-02 
 1.25892541e+04  2.95103914e+01  1.25892541e+04 -7.83968672e-02 
 1.28824955e+04  2.95091914e+01  1.28824955e+04 -8.02157358e-02 
 1.31825674e+04  2.95079353e+01  1.31825674e+04 -8.20764569e-02 
 1.34896288e+04  2.95066203e+01  1.34896288e+04 -8.39799688e-02 
 1.38038426e+04  2.95052439e+01  1.38038426e+04 -8.59272294e-02 
 1.41253754e+04  2.95038030e+01  1.41253754e+04 -8.79192158e-02 
 1.44543977e+04  2.95022947e+01  1.44543977e+04 -8.99569252e-02 
 1.47910839e+04  2.95007159e+01  1.47910839e+04 -9.20413746e-02 
 1.51356125e+04  2.94990633e+01  1.51356125e+04 -9.41736015e-02 
 1.54881662e+04  2.94973334e+01  1.54881662e+04 -9.63546640e-02 
 1.58489319e+04  2.94955228e+01  1.58489319e+04 -9.85856410e-02 
 1.62181010e+04  2.94936277e+01  1.62181010e+04 -1.00867632e-01 
 1.65958691e+04  2.94916442e+01  1.65958691e+04 -1.03201759e-01 
 1.69824365e+04  2.94895681e+01  1.69824365e+04 -1.05589164e-01 
 1.73780083e+04  2.94873953e+01  1.73780083e+04 -1.08031010e-01 
 1.77827941e+04  2.94851212e+01  1.77827941e+04 -1.10528485e-01 
 1.81970086e+04  2.94827412e+01  1.81970086e+04 -1.13082795e-01 
 1.86208714e+04  2.94802505e+01  1.86208714e+04 -1.15695170e-01 
 1.90546072e+04  2.94776439e+01  1.90546072e+04 -1.18366863e-01 
 1.94984460e+04  2.94749161e+01  1.94984460e+04 -1.21099146e-01 
 1.99526231e+04  2.94720616e+01  1.99526231e+04 -1.23893318e-01 
 2.04173794e+04  2.94690746e+01  2.04173794e+04 -1.26750695e-01 
 2.08929613e+04  2.94659490e+01  2.08929613e+04 -1.29672619e-01 
 2.13796209e+04  2.94626785e+01  2.13796209e+04 -1.32660452e-01 
 2.18776162e+04  2.94592566e+01  2.18776162e+04 -1.35715579e-01 
 2.23872114e+04  2.94556762e+01  2.23872114e+04 -1.38839407e-01 
 2.29086765e+04  2.94519303e+01  2.29086765e+04 -1.42033365e-01 
 2.34422882e+04  2.94480113e+01  2.34422882e+04 -1.45298902e-01 
 2.39883292e+04  2.94439113e+01  2.39883292e+04 -1.48637491e-01 
 2.45470892e+04  2.94396223e+01  2.45470892e+04 -1.52050622e-01 
 2.51188643e+04  2.94351357e+01  2.51188643e+04 -1.55539809e-01 
 2.57039578e+04  2.94304427e+01  2.57039578e+04 -1.59106584e-01 
 2.63026799e+04  2.94255338e+01  2.63026799e+04 -1.62752499e-01 
 2.69153480e+04  2.94203996e+01  2.69153480e+04 -1.66479127e-01 
 2.75422870e+04  2.94150299e+01  2.75422870e+04 -1.70288055e-01 
 2.81838293e+04  2.94094142e+01  2.81838293e+04 -1.74180891e-01 
 2.88403150e+04  2.94035416e+01  2.88403150e+04 -1.78159259e-01 
 2.95120923e+04  2.93974008e+01  2.95120923e+04 -1.82224798e-01 
 3.01995172e+04  2.93909799e+01  3.01995172e+04 -1.86379162e-01 
 3.09029543e+04  2.93842665e+01  3.09029543e+04 -1.90624017e-01 
 3.16227766e+04  2.93772478e+01  3.16227766e+04 -1.94961045e-01 
 3.23593657e+04  2.93699105e+01  3.23593657e+04 -1.99391936e-01 
 3.31131121e+04  2.93622406e+01  3.31131121e+04 -2.03918389e-01 
 3.38844156e+04  2.93542238e+01  3.38844156e+04 -2.08542114e-01 
 3.46736850e+04  2.93458450e+01  3.46736850e+04 -2.13264824e-01 
 3.54813389e+04  2.93370885e+01  3.54813389e+04 -2.18088237e-01 
 3.63078055e+04  2.93279383e+01  3.63078055e+04 -2.23014074e-01 
 3.71535229e+04  2.93183775e+01  3.71535229e+04 -2.28044056e-01 
 3.80189396e+04  2.93083886e+01  3.80189396e+04 -2.33179900e-01 
 3.89045145e+04  2.92979535e+01  3.89045145e+04 -2.38423321e-01 
 3.98107171e+04  2.92870534e+01  3.98107171e+04 -2.43776022e-01 
 4.07380278e+04  2.92756689e+01  4.07380278e+04 -2.49239701e-01 
 4.16869383e+04  2.92637797e+01  4.16869383e+04 -2.54816038e-01 
 4.26579519e+04  2.92513649e+01  4.26579519e+04 -2.60506698e-01 
 4.36515832e+04  2.92384031e+01  4.36515832e+04 -2.66313327e-01 
 4.46683592e+04  2.92248716e+01  4.46683592e+04 -2.72237545e-01 
 4.57088190e+04  2.92107475e+01  4.57088190e+04 -2.78280945e-01 
 4.67735141e+04  2.91960069e+01  4.67735141e+04 -2.84445089e-01 
 4.78630092e+04  2.91806249e+01  4.78630092e+04 -2.90731503e-01 
 4.89778819e+04  2.91645762e+01  4.89778819e+04 -2.97141672e-01 
 5.01187234e+04  2.91478345e+01  5.01187234e+04 -3.03677035e-01 
 5.12861384e+04  2.91303727e+01  5.12861384e+04 -3.10338983e-01 
 5.24807460e+04  2.91121628e+01  5.24807460e+04 -3.17128850e-01 
 5.37031796e+04  2.90931762e+01  5.37031796e+04 -3.24047910e-01 
 5.49540874e+04  2.90733834e+01  5.49540874e+04 -3.31097372e-01 
 5.62341325e+04  2.90527540e+01  5.62341325e+04 -3.38278372e-01 
 5.75439937e+04  2.90312569e+01  5.75439937e+04 -3.45591969e-01 
 5.88843655e+04  2.90088602e+01  5.88843655e+04 -3.53039138e-01 
 6.02559586e+04  2.89855310e+01  6.02559586e+04 -3.60620764e-01 
 6.16595002e+04  2.89612359e+01  6.16595002e+04 -3.68337636e-01 
 6.30957344e+04  2.89359407e+01  6.30957344e+04 -3.76190439e-01 
 6.45654229e+04  2.89096104e+01  6.45654229e+04 -3.84179752e-01 
 6.60693448e+04  2.88822091e+01  6.60693448e+04 -3.92306032e-01 
 6.76082975e+04  2.88537006e+01  6.76082975e+04 -4.00569619e-01 
 6.91830971e+04  2.88240477e+01  6.91830971e+04 -4.08970719e-01 
 7.07945784e+04  2.87932128e+01  7.07945784e+04 -4.17509404e-01 
 7.24435960e+04  2.87611577e+01  7.24435960e+04 -4.26185600e-01 
 7.41310241e+04  2.87278435e+01  7.41310241e+04 -4.34999085e-01 
 7.58577575e+04  2.86932310e+01  7.58577575e+04 -4.43949479e-01 
 7.76247117e+04  2.86572805e+01  7.76247117e+04 -4.53036241e-01 
 7.94328235e+04  2.86199520e+01  7.94328235e+04 -4.62258657e-01 
 8.12830516e+04  2.85812051e+01  8.12830516e+04 -4.71615841e-01 
 8.31763771e+04  2.85409993e+01  8.31763771e+04 -4.81106725e-01 
 8.51138038e+04  2.84992938e+01  8.51138038e+04 -4.90730052e-01 
 8.70963590e+04  2.84560478e+01  8.70963590e+04 -5.00484377e-01 
 8.91250938e+04  2.84112205e+01  8.91250938e+04 -5.10368057e-01 
 9.12010839e+04  2.83647714e+01  9.12010839e+04 -5.20379250e-01 
 9.33254301e+04  2.83166597e+01  9.33254301e+04 -5.30515911e-01 
 9.54992586e+04  2.82668455e+01  9.54992586e+04 -5.40775786e-01 
 9.77237221e+04  2.82152888e+01  9.77237221e+04 -5.51156417e-01 
 1.00000000e+05  2.81619504e+01  1.00000000e+05 -5.61655134e-01 
 1.02329299e+05  2.81067916e+01  1.02329299e+05 -5.72269056e-01 
 1.04712855e+05  2.80497744e+01  1.04712855e+05 -5.82995094e-01 
 1.07151931e+05  2.79908616e+01  1.07151931e+05 -5.93829948e-01 
 1.09647820e+05  2.79300171e+01  1.09647820e+05 -6.04770113e-01 
 1.12201845e+05  2.78672057e+01  1.12201845e+05 -6.15811879e-01 
 1.14815362e+05  2.78023934e+01  1.14815362e+05 -6.26951336e-01 
 1.17489755e+05  2.77355477e+01  1.17489755e+05 -6.38184377e-01 
 1.20226443e+05  2.76666371e+01  1.20226443e+05 -6.49506709e-01 
 1.23026877e+05  2.75956319e+01  1.23026877e+05 -6.60913853e-01 
 1.25892541e+05  2.75225040e+01  1.25892541e+05 -6.72401159e-01 
 1.28824955e+05  2.74472269e+01  1.28824955e+05 -6.83963806e-01 
 1.31825674e+05  2.73697761e+01  1.31825674e+05 -6.95596822e-01 
 1.34896288e+05  2.72901288e+01  1.34896288e+05 -7.07295086e-01 
 1.38038426e+05  2.72082644e+01  1.38038426e+05 -7.19053345e-01 
 1.41253754e+05  2.71241643e+01  1.41253754e+05 -7.30866225e-01 
 1.44543977e+05  2.70378121e+01  1.44543977e+05 -7.42728241e-01 
 1.47910839e+05  2.69491934e+01  1.47910839e+05 -7.54633816e-01 
 1.51356125e+05  2.68582966e+01  1.51356125e+05 -7.66577293e-01 
 1.54881662e+05  2.67651119e+01  1.54881662e+05 -7.78552949e-01 
 1.58489319e+05  2.66696322e+01  1.58489319e+05 -7.90555012e-01 
 1.62181010e+05  2.65718527e+01  1.62181010e+05 -8.02577677e-01 
 1.65958691e+05  2.64717711e+01  1.65958691e+05 -8.14615121e-01 
 1.69824365e+05  2.63693874e+01  1.69824365e+05 -8.26661520e-01 
 1.73780083e+05  2.62647041e+01  1.73780083e+05 -8.38711066e-01 
 1.77827941e+05  2.61577263e+01  1.77827941e+05 -8.50757979e-01 
 1.81970086e+05  2.60484612e+01  1.81970086e+05 -8.62796531e-01 
 1.86208714e+05  2.59369186e+01  1.86208714e+05 -8.74821055e-01 
 1.90546072e+05  2.58231106e+01  1.90546072e+05 -8.86825962e-01 
 1.94984460e+05  2.57070515e+01  1.94984460e+05 -8.98805758e-01 
 1.99526231e+05  2.55887578e+01  1.99526231e+05 -9.10755057e-01 
 2.04173794e+05  2.54682485e+01  2.04173794e+05 -9.22668596e-01 
 2.08929613e+05  2.53455441e+01  2.08929613e+05 -9.34541246e-01 
 2.13796209e+05  2.52206677e+01  2.13796209e+05 -9.46368026e-01 
 2.18776162e+05  2.50936438e+01  2.18776162e+05 -9.58144116e-01 
 2.23872114e+05  2.49644991e+01  2.23872114e+05 -9.69864863e-01 
 2.29086765e+05  2.48332618e+01  2.29086765e+05 -9.81525797e-01 
 2.34422882e+05  2.46999618e+01  2.34422882e+05 -9.93122634e-01 
 2.39883292e+05  2.45646305e+01  2.39883292e+05 -1.00465129e+00 
 2.45470892e+05  2.44273005e+01  2.45470892e+05 -1.01610788e+00 
 2.51188643e+05  2.42880061e+01  2.51188643e+05 -1.02748873e+00 
 2.57039578e+05  2.41467824e+01  2.57039578e+05 -1.03879038e+00 
 2.63026799e+05  2.40036657e+01  2.63026799e+05 -1.05000960e+00 
 2.69153480e+05  2.38586931e+01  2.69153480e+05 -1.06114335e+00 
 2.75422870e+05  2.37119027e+01  2.75422870e+05 -1.07218885e+00 
 2.81838293e+05  2.35633333e+01  2.81838293e+05 -1.08314352e+00 
 2.88403150e+05  2.34130241e+01  2.88403150e+05 -1.09400502e+00 
 2.95120923e+05  2.32610150e+01  2.95120923e+05 -1.10477122e+00 
 3.01995172e+05  2.31073462e+01  3.01995172e+05 -1.11544022e+00 
 3.09029543e+05  2.29520582e+01  3.09029543e+05 -1.12601035e+00 
 3.16227766e+05  2.27951917e+01  3.16227766e+05 -1.13648013e+00 
 3.23593657e+05  2.26367875e+01  3.23593657e+05 -1.14684833e+00 
 3.31131121e+05  2.24768863e+01  3.31131121e+05 -1.15711390e+00 
 3.38844156e+05  2.23155290e+01  3.38844156e+05 -1.16727603e+00 
 3.46736850e+05  2.21527559e+01  3.46736850e+05 -1.17733408e+00 
 3.54813389e+05  2.19886075e+01  3.54813389e+05 -1.18728763e+00 
 3.63078055e+05  2.18231238e+01  3.63078055e+05 -1.19713644e+00 
 3.71535229e+05  2.16563444e+01  3.71535229e+05 -1.20688045e+00 
 3.80189396e+05  2.14883085e+01  3.80189396e+05 -1.21651979e+00 
 3.89045145e+05  2.13190548e+01  3.89045145e+05 -1.22605477e+00 
 3.98107171e+05  2.11486217e+01  3.98107171e+05 -1.23548584e+00 
 4.07380278e+05  2.09770466e+01  4.07380278e+05 -1.24481364e+00 
 4.16869383e+05  2.08043666e+01  4.16869383e+05 -1.25403895e+00 
 4.26579519e+05  2.06306181e+01  4.26579519e+05 -1.26316271e+00 
 4.36515832e+05  2.04558367e+01  4.36515832e+05 -1.27218597e+00 
 4.46683592e+05  2.02800573e+01  4.46683592e+05 -1.28110994e+00 
 4.57088190e+05  2.01033141e+01  4.57088190e+05 -1.28993596e+00 
 4.67735141e+05  1.99256406e+01  4.67735141e+05 -1.29866549e+00 
 4.78630092e+05  1.97470695e+01  4.78630092e+05 -1.30730008e+00 
 4.89778819e+05  1.95676326e+01  4.89778819e+05 -1.31584143e+00 
 5.01187234e+05  1.93873609e+01  5.01187234e+05 -1.32429131e+00 
 5.12861384e+05  1.92062848e+01  5.12861384e+05 -1.33265161e+00 
 5.24807460e+05  1.90244337e+01  5.24807460e+05 -1.34092430e+00 
 5.37031796e+05  1.88418362e+01  5.37031796e+05 -1.34911143e+00 
 5.49540874e+05  1.86585202e+01  5.49540874e+05 -1.35721516e+00 
 5.62341325e+05  1.84745126e+01  5.62341325e+05 -1.36523771e+00 
 5.75439937e+05  1.82898397e+01  5.75439937e+05 -1.37318135e+00 
 5.88843655e+05  1.81045269e+01  5.88843655e+05 -1.38104846e+00 
 6.02559586e+05  1.79185988e+01  6.02559586e+05 -1.38884145e+00 
 6.16595002e+05  1.77320792e+01  6.16595002e+05 -1.39656281e+00 
 6.30957344e+05  1.75449912e+01  6.30957344e+05 -1.40421508e+00 
 6.45654229e+05  1.73573570e+01  6.45654229e+05 -1.41180084e+00 
 6.60693448e+05  1.71691983e+01  6.60693448e+05 -1.41932274e+00 
 6.76082975e+05  1.69805359e+01  6.76082975e+05 -1.42678345e+00 
 6.91830971e+05  1.67913898e+01  6.91830971e+05 -1.43418571e+00 
 7.07945784e+05  1.66017795e+01  7.07945784e+05 -1.44153228e+00 
 7.24435960e+05  1.64117236e+01  7.24435960e+05 -1.44882596e+00 
 7.41310241e+05  1.62212403e+01  7.41310241e+05 -1.45606960e+00 
 7.58577575e+05  1.60303468e+01  7.58577575e+05 -1.46326605e+00 
 7.76247117e+05  1.58390600e+01  7.76247117e+05 -1.47041823e+00 
 7.94328235e+05  1.56473960e+01  7.94328235e+05 -1.47752906e+00 
 8.12830516e+05  1.54553702e+01  8.12830516e+05 -1.48460150e+00 
 8.31763771e+05  1.52629977e+01  8.31763771e+05 -1.49163854e+00 
 8.51138038e+05  1.50702928e+01  8.51138038e+05 -1.49864316e+00 
 8.70963590e+05  1.48772693e+01  8.70963590e+05 -1.50561842e+00 
 8.91250938e+05  1.46839404e+01  8.91250938e+05 -1.51256735e+00 
 9.12010839e+05  1.44903191e+01  9.12010839e+05 -1.51949303e+00 
 9.33254301e+05  1.42964174e+01  9.33254301e+05 -1.52639855e+00 
 9.54992586e+05  1.41022471e+01  9.54992586e+05 -1.53328703e+00 
 9.77237221e+05  1.39078197e+01  9.77237221e+05 -1.54016158e+00 
 1.00000000e+06  1.37131458e+01  1.00000000e+06 -1.54702537e+00 
 1.02329299e+06  1.35182359e+01  1.02329299e+06 -1.55388155e+00 
 1.04712855e+06  1.33231001e+01  1.04712855e+06 -1.56073332e+00 
 1.07151931e+06  1.31277477e+01  1.07151931e+06 -1.56758386e+00 
 1.09647820e+06  1.29321881e+01  1.09647820e+06 -1.57443640e+00 
 1.12201845e+06  1.27364301e+01  1.12201845e+06 -1.58129418e+00 
 1.14815362e+06  1.25404819e+01  1.14815362e+06 -1.58816045e+00 
 1.17489755e+06  1.23443518e+01  1.17489755e+06 -1.59503847e+00 
 1.20226443e+06  1.21480475e+01  1.20226443e+06 -1.60193154e+00 
 1.23026877e+06  1.19515763e+01  1.23026877e+06 -1.60884295e+00 
 1.25892541e+06  1.17549453e+01  1.25892541e+06 -1.61577604e+00 
 1.28824955e+06  1.15581614e+01  1.28824955e+06 -1.62273414e+00 
 1.31825674e+06  1.13612310e+01  1.31825674e+06 -1.62972061e+00 
 1.34896288e+06  1.11641603e+01  1.34896288e+06 -1.63673883e+00 
 1.38038426e+06  1.09669553e+01  1.38038426e+06 -1.64379219e+00 
 1.41253754e+06  1.07696216e+01  1.41253754e+06 -1.65088411e+00 
 1.44543977e+06  1.05721648e+01  1.44543977e+06 -1.65801803e+00 
 1.47910839e+06  1.03745898e+01  1.47910839e+06 -1.66519739e+00 
 1.51356125e+06  1.01769018e+01  1.51356125e+06 -1.67242568e+00 
 1.54881662e+06  9.97910547e+00  1.54881662e+06 -1.67970639e+00 
 1.58489319e+06  9.78120530e+00  1.58489319e+06 -1.68704304e+00 
 1.62181010e+06  9.58320561e+00  1.62181010e+06 -1.69443916e+00 
 1.65958691e+06  9.38511053e+00  1.65958691e+06 -1.70189832e+00 
 1.69824365e+06  9.18692400e+00  1.69824365e+06 -1.70942410e+00 
 1.73780083e+06  8.98864974e+00  1.73780083e+06 -1.71702010e+00 
 1.77827941e+06  8.79029134e+00  1.77827941e+06 -1.72468995e+00 
 1.81970086e+06  8.59185220e+00  1.81970086e+06 -1.73243730e+00 
 1.86208714e+06  8.39333556e+00  1.86208714e+06 -1.74026582e+00 
 1.90546072e+06  8.19474450e+00  1.90546072e+06 -1.74817919e+00 
 1.94984460e+06  7.99608197e+00  1.94984460e+06 -1.75618115e+00 
 1.99526231e+06  7.79735075e+00  1.99526231e+06 -1.76427543e+00 
 2.04173794e+06  7.59855351e+00  2.04173794e+06 -1.77246579e+00 
 2.08929613e+06  7.39969276e+00  2.08929613e+06 -1.78075601e+00 
 2.13796209e+06  7.20077090e+00  2.13796209e+06 -1.78914990e+00 
 2.18776162e+06  7.00179020e+00  2.18776162e+06 -1.79765128e+00 
 2.23872114e+06  6.80275281e+00  2.23872114e+06 -1.80626401e+00 
 2.29086765e+06  6.60366079e+00  2.29086765e+06 -1.81499193e+00 
 2.34422882e+06  6.40451606e+00  2.34422882e+06 -1.82383895e+00 
 2.39883292e+06  6.20532044e+00  2.39883292e+06 -1.83280895e+00 
 2.45470892e+06  6.00607566e+00  2.45470892e+06 -1.84190586e+00 
 2.51188643e+06  5.80678335e+00  2.51188643e+06 -1.85113362e+00 
 2.57039578e+06  5.60744505e+00  2.57039578e+06 -1.86049616e+00 
 2.63026799e+06  5.40806220e+00  2.63026799e+06 -1.86999744e+00 
 2.69153480e+06  5.20863615e+00  2.69153480e+06 -1.87964144e+00 
 2.75422870e+06  5.00916818e+00  2.75422870e+06 -1.88943212e+00 
 2.81838293e+06  4.80965948e+00  2.81838293e+06 -1.89937347e+00 
 2.88403150e+06  4.61011118e+00  2.88403150e+06 -1.90946947e+00 
 2.95120923e+06  4.41052429e+00  2.95120923e+06 -1.91972410e+00 
 3.01995172e+06  4.21089981e+00  3.01995172e+06 -1.93014134e+00 
 3.09029543e+06  4.01123862e+00  3.09029543e+06 -1.94072516e+00 
 3.16227766e+06  3.81154155e+00  3.16227766e+06 -1.95147953e+00 
 3.23593657e+06  3.61180938e+00  3.23593657e+06 -1.96240837e+00 
 3.31131121e+06  3.41204281e+00  3.31131121e+06 -1.97351563e+00 
 3.38844156e+06  3.21224248e+00  3.38844156e+06 -1.98480520e+00 
 3.46736850e+06  3.01240899e+00  3.46736850e+06 -1.99628095e+00 
 3.54813389e+06  2.81254287e+00  3.54813389e+06 -2.00794673e+00 
 3.63078055e+06  2.61264459e+00  3.63078055e+06 -2.01980632e+00 
 3.71535229e+06  2.41271460e+00  3.71535229e+06 -2.03186349e+00 
 3.80189396e+06  2.21275327e+00  3.80189396e+06 -2.04412193e+00 
 3.89045145e+06  2.01276094e+00  3.89045145e+06 -2.05658527e+00 
 3.98107171e+06  1.81273791e+00  3.98107171e+06 -2.06925710e+00 
 4.07380278e+06  1.61268442e+00  4.07380278e+06 -2.08214089e+00 
 4.16869383e+06  1.41260069e+00  4.16869383e+06 -2.09524007e+00 
 4.26579519e+06  1.21248690e+00  4.26579519e+06 -2.10855795e+00 
 4.36515832e+06  1.01234318e+00  4.36515832e+06 -2.12209775e+00 
 4.46683592e+06  8.12169640e-01  4.46683592e+06 -2.13586258e+00 
 4.57088190e+06  6.11966365e-01  4.57088190e+06 -2.14985542e+00 
 4.67735141e+06  4.11733404e-01  4.67735141e+06 -2.16407914e+00 
 4.78630092e+06  2.11470784e-01  4.78630092e+06 -2.17853644e+00 
 4.89778819e+06  1.11785071e-02  4.89778819e+06 -2.19322989e+00 
 5.01187234e+06 -1.89143441e-01  5.01187234e+06 -2.20816188e+00 
 5.12861384e+06 -3.89495093e-01  5.12861384e+06 -2.22333463e+00 
 5.24807460e+06 -5.89876495e-01  5.24807460e+06 -2.23875017e+00 
 5.37031796e+06 -7.90287705e-01  5.37031796e+06 -2.25441034e+00 
 5.49540874e+06 -9.90728790e-01  5.49540874e+06 -2.27031674e+00 
 5.62341325e+06 -1.19119982e+00  5.62341325e+06 -2.28647077e+00 
 5.75439937e+06 -1.39170087e+00  5.75439937e+06 -2.30287357e+00 
 5.88843655e+06 -1.59223200e+00  5.88843655e+06 -2.31952604e+00 
 6.02559586e+06 -1.79279330e+00  6.02559586e+06 -2.33642880e+00 
 6.16595002e+06 -1.99338481e+00  6.16595002e+06 -2.35358219e+00 
 6.30957344e+06 -2.19400658e+00  6.30957344e+06 -2.37098627e+00 
 6.45654229e+06 -2.39465865e+00  6.45654229e+06 -2.38864077e+00 
 6.60693448e+06 -2.59534102e+00  6.60693448e+06 -2.40654513e+00 
 6.76082975e+06 -2.79605369e+00  6.76082975e+06 -2.42469841e+00 
 6.91830971e+06 -2.99679663e+00  6.91830971e+06 -2.44309936e+00 
 7.07945784e+06 -3.19756977e+00  7.07945784e+06 -2.46174636e+00 
 7.24435960e+06 -3.39837301e+00  7.24435960e+06 -2.48063741e+00 
 7.41310241e+06 -3.59920622e+00  7.41310241e+06 -2.49977015e+00 
 7.58577575e+06 -3.80006923e+00  7.58577575e+06 -2.51914180e+00 
 7.76247117e+06 -4.00096181e+00  7.76247117e+06 -2.53874920e+00 
 7.94328235e+06 -4.20188371e+00  7.94328235e+06 -2.55858877e+00 
 8.12830516e+06 -4.40283460e+00  8.12830516e+06 -2.57865652e+00 
 8.31763771e+06 -4.60381413e+00  8.31763771e+06 -2.59894803e+00 
 8.51138038e+06 -4.80482186e+00  8.51138038e+06 -2.61945845e+00 
 8.70963590e+06 -5.00585733e+00  8.70963590e+06 -2.64018250e+00 
 8.91250938e+06 -5.20691999e+00  8.91250938e+06 -2.66111449e+00 
 9.12010839e+06 -5.40800924e+00  9.12010839e+06 -2.68224826e+00 
 9.33254301e+06 -5.60912441e+00  9.33254301e+06 -2.70357723e+00 
 9.54992586e+06 -5.81026477e+00  9.54992586e+06 -2.72509441e+00 
 9.77237221e+06 -6.01142954e+00  9.77237221e+06 -2.74679237e+00 
 1.00000000e+07 -6.21261784e+00  1.00000000e+07 -2.76866326e+00 
