 1.00000000e+03  1.99971808e+01  1.00000000e+03 -2.08365262e-03 
 1.02329299e+03  1.99971800e+01  1.02329299e+03 -2.13218700e-03 
 1.04712855e+03  1.99971792e+01  1.04712855e+03 -2.18185189e-03 
 1.07151931e+03  1.99971784e+01  1.07151931e+03 -2.23267362e-03 
 1.09647820e+03  1.99971775e+01  1.09647820e+03 -2.28467912e-03 
 1.12201845e+03  1.99971766e+01  1.12201845e+03 -2.33789598e-03 
 1.14815362e+03  1.99971756e+01  1.14815362e+03 -2.39235240e-03 
 1.17489755e+03  1.99971746e+01  1.17489755e+03 -2.44807727e-03 
 1.20226443e+03  1.99971735e+01  1.20226443e+03 -2.50510013e-03 
 1.23026877e+03  1.99971724e+01  1.23026877e+03 -2.56345120e-03 
 1.25892541e+03  1.99971712e+01  1.25892541e+03 -2.62316143e-03 
 1.28824955e+03  1.99971700e+01  1.28824955e+03 -2.68426248e-03 
 1.31825674e+03  1.99971687e+01  1.31825674e+03 -2.74678673e-03 
 1.34896288e+03  1.99971674e+01  1.34896288e+03 -2.81076734e-03 
 1.38038426e+03  1.99971660e+01  1.38038426e+03 -2.87623823e-03 
 1.41253754e+03  1.99971645e+01  1.41253754e+03 -2.94323412e-03 
 1.44543977e+03  1.99971630e+01  1.44543977e+03 -3.01179052e-03 
 1.47910839e+03  1.99971614e+01  1.47910839e+03 -3.08194378e-03 
 1.51356125e+03  1.99971597e+01  1.51356125e+03 -3.15373109e-03 
 1.54881662e+03  1.99971579e+01  1.54881662e+03 -3.22719051e-03 
 1.58489319e+03  1.99971560e+01  1.58489319e+03 -3.30236100e-03 
 1.62181010e+03  1.99971541e+01  1.62181010e+03 -3.37928240e-03 
 1.65958691e+03  1.99971521e+01  1.65958691e+03 -3.45799550e-03 
 1.69824365e+03  1.99971500e+01  1.69824365e+03 -3.53854202e-03 
 1.73780083e+03  1.99971477e+01  1.73780083e+03 -3.62096468e-03 
 1.77827941e+03  1.99971454e+01  1.77827941e+03 -3.70530716e-03 
 1.81970086e+03  1.99971430e+01  1.81970086e+03 -3.79161419e-03 
 1.86208714e+03  1.99971404e+01  1.86208714e+03 -3.87993153e-03 
 1.90546072e+03  1.99971377e+01  1.90546072e+03 -3.97030598e-03 
 1.94984460e+03  1.99971349e+01  1.94984460e+03 -4.06278547e-03 
 1.99526231e+03  1.99971320e+01  1.99526231e+03 -4.15741903e-03 
 2.04173794e+03  1.99971289e+01  2.04173794e+03 -4.25425683e-03 
 2.08929613e+03  1.99971257e+01  2.08929613e+03 -4.35335020e-03 
 2.13796209e+03  1.99971223e+01  2.13796209e+03 -4.45475168e-03 
 2.18776162e+03  1.99971188e+01  2.18776162e+03 -4.55851502e-03 
 2.23872114e+03  1.99971151e+01  2.23872114e+03 -4.66469525e-03 
 2.29086765e+03  1.99971113e+01  2.29086765e+03 -4.77334864e-03 
 2.34422882e+03  1.99971072e+01  2.34422882e+03 -4.88453280e-03 
 2.39883292e+03  1.99971030e+01  2.39883292e+03 -4.99830667e-03 
 2.45470892e+03  1.99970985e+01  2.45470892e+03 -5.11473056e-03 
 2.51188643e+03  1.99970939e+01  2.51188643e+03 -5.23386620e-03 
 2.57039578e+03  1.99970890e+01  2.57039578e+03 -5.35577674e-03 
 2.63026799e+03  1.99970839e+01  2.63026799e+03 -5.48052681e-03 
 2.69153480e+03  1.99970786e+01  2.69153480e+03 -5.60818254e-03 
 2.75422870e+03  1.99970730e+01  2.75422870e+03 -5.73881160e-03 
 2.81838293e+03  1.99970671e+01  2.81838293e+03 -5.87248323e-03 
 2.88403150e+03  1.99970610e+01  2.88403150e+03 -6.00926831e-03 
 2.95120923e+03  1.99970546e+01  2.95120923e+03 -6.14923933e-03 
 3.01995172e+03  1.99970479e+01  3.01995172e+03 -6.29247049e-03 
 3.09029543e+03  1.99970408e+01  3.09029543e+03 -6.43903771e-03 
 3.16227766e+03  1.99970335e+01  3.16227766e+03 -6.58901870e-03 
 3.23593657e+03  1.99970257e+01  3.23593657e+03 -6.74249294e-03 
 3.31131121e+03  1.99970177e+01  3.31131121e+03 -6.89954179e-03 
 3.38844156e+03  1.99970092e+01  3.38844156e+03 -7.06024849e-03 
 3.46736850e+03  1.99970004e+01  3.46736850e+03 -7.22469823e-03 
 3.54813389e+03  1.99969911e+01  3.54813389e+03 -7.39297817e-03 
 3.63078055e+03  1.99969814e+01  3.63078055e+03 -7.56517750e-03 
 3.71535229e+03  1.99969712e+01  3.71535229e+03 -7.74138749e-03 
 3.80189396e+03  1.99969605e+01  3.80189396e+03 -7.92170153e-03 
 3.89045145e+03  1.99969494e+01  3.89045145e+03 -8.10621520e-03 
 3.98107171e+03  1.99969377e+01  3.98107171e+03 -8.29502628e-03 
 4.07380278e+03  1.99969255e+01  4.07380278e+03 -8.48823485e-03 
 4.16869383e+03  1.99969127e+01  4.16869383e+03 -8.68594328e-03 
 4.26579519e+03  1.99968993e+01  4.26579519e+03 -8.88825637e-03 
 4.36515832e+03  1.99968852e+01  4.36515832e+03 -9.09528133e-03 
 4.46683592e+03  1.99968705e+01  4.46683592e+03 -9.30712786e-03 
 4.57088190e+03  1.99968551e+01  4.57088190e+03 -9.52390824e-03 
 4.67735141e+03  1.99968390e+01  4.67735141e+03 -9.74573732e-03 
 4.78630092e+03  1.99968222e+01  4.78630092e+03 -9.97273267e-03 
 4.89778819e+03  1.99968045e+01  4.89778819e+03 -1.02050146e-02 
 5.01187234e+03  1.99967860e+01  5.01187234e+03 -1.04427061e-02 
 5.12861384e+03  1.99967666e+01  5.12861384e+03 -1.06859331e-02 
 5.24807460e+03  1.99967463e+01  5.24807460e+03 -1.09348246e-02 
 5.37031796e+03  1.99967251e+01  5.37031796e+03 -1.11895124e-02 
 5.49540874e+03  1.99967028e+01  5.49540874e+03 -1.14501314e-02 
 5.62341325e+03  1.99966795e+01  5.62341325e+03 -1.17168197e-02 
 5.75439937e+03  1.99966551e+01  5.75439937e+03 -1.19897186e-02 
 5.88843655e+03  1.99966296e+01  5.88843655e+03 -1.22689726e-02 
 6.02559586e+03  1.99966028e+01  6.02559586e+03 -1.25547297e-02 
 6.16595002e+03  1.99965748e+01  6.16595002e+03 -1.28471412e-02 
 6.30957344e+03  1.99965455e+01  6.30957344e+03 -1.31463620e-02 
 6.45654229e+03  1.99965148e+01  6.45654229e+03 -1.34525505e-02 
 6.60693448e+03  1.99964826e+01  6.60693448e+03 -1.37658690e-02 
 6.76082975e+03  1.99964489e+01  6.76082975e+03 -1.40864834e-02 
 6.91830971e+03  1.99964137e+01  6.91830971e+03 -1.44145634e-02 
 7.07945784e+03  1.99963768e+01  7.07945784e+03 -1.47502828e-02 
 7.24435960e+03  1.99963381e+01  7.24435960e+03 -1.50938192e-02 
 7.41310241e+03  1.99962976e+01  7.41310241e+03 -1.54453548e-02 
 7.58577575e+03  1.99962552e+01  7.58577575e+03 -1.58050754e-02 
 7.76247117e+03  1.99962108e+01  7.76247117e+03 -1.61731715e-02 
 7.94328235e+03  1.99961644e+01  7.94328235e+03 -1.65498381e-02 
 8.12830516e+03  1.99961157e+01  8.12830516e+03 -1.69352744e-02 
 8.31763771e+03  1.99960647e+01  8.31763771e+03 -1.73296845e-02 
 8.51138038e+03  1.99960114e+01  8.51138038e+03 -1.77332770e-02 
 8.70963590e+03  1.99959555e+01  8.70963590e+03 -1.81462656e-02 
 8.91250938e+03  1.99958970e+01  8.91250938e+03 -1.85688687e-02 
 9.12010839e+03  1.99958357e+01  9.12010839e+03 -1.90013100e-02 
 9.33254301e+03  1.99957716e+01  9.33254301e+03 -1.94438181e-02 
 9.54992586e+03  1.99957044e+01  9.54992586e+03 -1.98966273e-02 
 9.77237221e+03  1.99956340e+01  9.77237221e+03 -2.03599768e-02 
 1.00000000e+04  1.99955604e+01  1.00000000e+04 -2.08341119e-02 
 1.02329299e+04  1.99954833e+01  1.02329299e+04 -2.13192831e-02 
 1.04712855e+04  1.99954025e+01  1.04712855e+04 -2.18157470e-02 
 1.07151931e+04  1.99953179e+01  1.07151931e+04 -2.23237661e-02 
 1.09647820e+04  1.99952294e+01  1.09647820e+04 -2.28436087e-02 
 1.12201845e+04  1.99951367e+01  1.12201845e+04 -2.33755497e-02 
 1.14815362e+04  1.99950396e+01  1.14815362e+04 -2.39198702e-02 
 1.17489755e+04  1.99949379e+01  1.17489755e+04 -2.44768576e-02 
 1.20226443e+04  1.99948315e+01  1.20226443e+04 -2.50468062e-02 
 1.23026877e+04  1.99947200e+01  1.23026877e+04 -2.56300170e-02 
 1.25892541e+04  1.99946033e+01  1.25892541e+04 -2.62267979e-02 
 1.28824955e+04  1.99944811e+01  1.28824955e+04 -2.68374639e-02 
 1.31825674e+04  1.99943532e+01  1.31825674e+04 -2.74623375e-02 
 1.34896288e+04  1.99942192e+01  1.34896288e+04 -2.81017482e-02 
 1.38038426e+04  1.99940789e+01  1.38038426e+04 -2.87560335e-02 
 1.41253754e+04  1.99939320e+01  1.41253754e+04 -2.94255384e-02 
 1.44543977e+04  1.99937781e+01  1.44543977e+04 -3.01106160e-02 
 1.47910839e+04  1.99936171e+01  1.47910839e+04 -3.08116275e-02 
 1.51356125e+04  1.99934484e+01  1.51356125e+04 -3.15289422e-02 
 1.54881662e+04  1.99932718e+01  1.54881662e+04 -3.22629382e-02 
 1.58489319e+04  1.99930869e+01  1.58489319e+04 -3.30140020e-02 
 1.62181010e+04  1.99928933e+01  1.62181010e+04 -3.37825291e-02 
 1.65958691e+04  1.99926906e+01  1.65958691e+04 -3.45689241e-02 
 1.69824365e+04  1.99924783e+01  1.69824365e+04 -3.53736008e-02 
 1.73780083e+04  1.99922560e+01  1.73780083e+04 -3.61969824e-02 
 1.77827941e+04  1.99920233e+01  1.77827941e+04 -3.70395019e-02 
 1.81970086e+04  1.99917796e+01  1.81970086e+04 -3.79016022e-02 
 1.86208714e+04  1.99915245e+01  1.86208714e+04 -3.87837362e-02 
 1.90546072e+04  1.99912573e+01  1.90546072e+04 -3.96863672e-02 
 1.94984460e+04  1.99909776e+01  1.94984460e+04 -4.06099690e-02 
 1.99526231e+04  1.99906847e+01  1.99526231e+04 -4.15550262e-02 
 2.04173794e+04  1.99903780e+01  2.04173794e+04 -4.25220344e-02 
 2.08929613e+04  1.99900569e+01  2.08929613e+04 -4.35115005e-02 
 2.13796209e+04  1.99897206e+01  2.13796209e+04 -4.45239429e-02 
 2.18776162e+04  1.99893686e+01  2.18776162e+04 -4.55598916e-02 
 2.23872114e+04  1.99890000e+01  2.23872114e+04 -4.66198888e-02 
 2.29086765e+04  1.99886141e+01  2.29086765e+04 -4.77044887e-02 
 2.34422882e+04  1.99882100e+01  2.34422882e+04 -4.88142581e-02 
 2.39883292e+04  1.99877869e+01  2.39883292e+04 -4.99497767e-02 
 2.45470892e+04  1.99873439e+01  2.45470892e+04 -5.11116370e-02 
 2.51188643e+04  1.99868801e+01  2.51188643e+04 -5.23004448e-02 
 2.57039578e+04  1.99863944e+01  2.57039578e+04 -5.35168197e-02 
 2.63026799e+04  1.99858860e+01  2.63026799e+04 -5.47613950e-02 
 2.69153480e+04  1.99853536e+01  2.69153480e+04 -5.60348180e-02 
 2.75422870e+04  1.99847963e+01  2.75422870e+04 -5.73377506e-02 
 2.81838293e+04  1.99842127e+01  2.81838293e+04 -5.86708692e-02 
 2.88403150e+04  1.99836017e+01  2.88403150e+04 -6.00348655e-02 
 2.95120923e+04  1.99829620e+01  2.95120923e+04 -6.14304461e-02 
 3.01995172e+04  1.99822923e+01  3.01995172e+04 -6.28583335e-02 
 3.09029543e+04  1.99815911e+01  3.09029543e+04 -6.43192659e-02 
 3.16227766e+04  1.99808570e+01  3.16227766e+04 -6.58139978e-02 
 3.23593657e+04  1.99800884e+01  3.23593657e+04 -6.73432999e-02 
 3.31131121e+04  1.99792838e+01  3.31131121e+04 -6.89079602e-02 
 3.38844156e+04  1.99784414e+01  3.38844156e+04 -7.05087833e-02 
 3.46736850e+04  1.99775594e+01  3.46736850e+04 -7.21465916e-02 
 3.54813389e+04  1.99766361e+01  3.54813389e+04 -7.38222249e-02 
 3.63078055e+04  1.99756695e+01  3.63078055e+04 -7.55365414e-02 
 3.71535229e+04  1.99746576e+01  3.71535229e+04 -7.72904173e-02 
 3.80189396e+04  1.99735982e+01  3.80189396e+04 -7.90847478e-02 
 3.89045145e+04  1.99724892e+01  3.89045145e+04 -8.09204467e-02 
 3.98107171e+04  1.99713282e+01  3.98107171e+04 -8.27984475e-02 
 4.07380278e+04  1.99701128e+01  4.07380278e+04 -8.47197030e-02 
 4.16869383e+04  1.99688405e+01  4.16869383e+04 -8.66851860e-02 
 4.26579519e+04  1.99675086e+01  4.26579519e+04 -8.86958896e-02 
 4.36515832e+04  1.99661145e+01  4.36515832e+04 -9.07528273e-02 
 4.46683592e+04  1.99646550e+01  4.46683592e+04 -9.28570335e-02 
 4.57088190e+04  1.99631274e+01  4.57088190e+04 -9.50095635e-02 
 4.67735141e+04  1.99615283e+01  4.67735141e+04 -9.72114943e-02 
 4.78630092e+04  1.99598545e+01  4.78630092e+04 -9.94639243e-02 
 4.89778819e+04  1.99581025e+01  4.89778819e+04 -1.01767974e-01 
 5.01187234e+04  1.99562686e+01  5.01187234e+04 -1.04124786e-01 
 5.12861384e+04  1.99543492e+01  5.12861384e+04 -1.06535525e-01 
 5.24807460e+04  1.99523403e+01  5.24807460e+04 -1.09001379e-01 
 5.37031796e+04  1.99502376e+01  5.37031796e+04 -1.11523558e-01 
 5.49540874e+04  1.99480369e+01  5.49540874e+04 -1.14103296e-01 
 5.62341325e+04  1.99457338e+01  5.62341325e+04 -1.16741851e-01 
 5.75439937e+04  1.99433233e+01  5.75439937e+04 -1.19440501e-01 
 5.88843655e+04  1.99408008e+01  5.88843655e+04 -1.22200552e-01 
 6.02559586e+04  1.99381608e+01  6.02559586e+04 -1.25023331e-01 
 6.16595002e+04  1.99353983e+01  6.16595002e+04 -1.27910189e-01 
 6.30957344e+04  1.99325073e+01  6.30957344e+04 -1.30862502e-01 
 6.45654229e+04  1.99294822e+01  6.45654229e+04 -1.33881669e-01 
 6.60693448e+04  1.99263168e+01  6.60693448e+04 -1.36969112e-01 
 6.76082975e+04  1.99230047e+01  6.76082975e+04 -1.40126280e-01 
 6.91830971e+04  1.99195392e+01  6.91830971e+04 -1.43354643e-01 
 7.07945784e+04  1.99159133e+01  7.07945784e+04 -1.46655695e-01 
 7.24435960e+04  1.99121198e+01  7.24435960e+04 -1.50030956e-01 
 7.41310241e+04  1.99081510e+01  7.41310241e+04 -1.53481966e-01 
 7.58577575e+04  1.99039991e+01  7.58577575e+04 -1.57010290e-01 
 7.76247117e+04  1.98996558e+01  7.76247117e+04 -1.60617517e-01 
 7.94328235e+04  1.98951124e+01  7.94328235e+04 -1.64305255e-01 
 8.12830516e+04  1.98903600e+01  8.12830516e+04 -1.68075138e-01 
 8.31763771e+04  1.98853892e+01  8.31763771e+04 -1.71928818e-01 
 8.51138038e+04  1.98801901e+01  8.51138038e+04 -1.75867971e-01 
 8.70963590e+04  1.98747528e+01  8.70963590e+04 -1.79894291e-01 
 8.91250938e+04  1.98690664e+01  8.91250938e+04 -1.84009493e-01 
 9.12010839e+04  1.98631201e+01  9.12010839e+04 -1.88215311e-01 
 9.33254301e+04  1.98569022e+01  9.33254301e+04 -1.92513496e-01 
 9.54992586e+04  1.98504008e+01  9.54992586e+04 -1.96905815e-01 
 9.77237221e+04  1.98436034e+01  9.77237221e+04 -2.01394054e-01 
 1.00000000e+05  1.98364970e+01  1.00000000e+05 -2.05980010e-01 
 1.02329299e+05  1.98290681e+01  1.02329299e+05 -2.10665495e-01 
 1.04712855e+05  1.98213028e+01  1.04712855e+05 -2.15452334e-01 
 1.07151931e+05  1.98131863e+01  1.07151931e+05 -2.20342359e-01 
 1.09647820e+05  1.98047035e+01  1.09647820e+05 -2.25337413e-01 
 1.12201845e+05  1.97958386e+01  1.12201845e+05 -2.30439344e-01 
 1.14815362e+05  1.97865754e+01  1.14815362e+05 -2.35650007e-01 
 1.17489755e+05  1.97768966e+01  1.17489755e+05 -2.40971256e-01 
 1.20226443e+05  1.97667848e+01  1.20226443e+05 -2.46404949e-01 
 1.23026877e+05  1.97562216e+01  1.23026877e+05 -2.51952938e-01 
 1.25892541e+05  1.97451880e+01  1.25892541e+05 -2.57617072e-01 
 1.28824955e+05  1.97336644e+01  1.28824955e+05 -2.63399192e-01 
 1.31825674e+05  1.97216303e+01  1.31825674e+05 -2.69301127e-01 
 1.34896288e+05  1.97090648e+01  1.34896288e+05 -2.75324694e-01 
 1.38038426e+05  1.96959459e+01  1.38038426e+05 -2.81471690e-01 
 1.41253754e+05  1.96822510e+01  1.41253754e+05 -2.87743891e-01 
 1.44543977e+05  1.96679568e+01  1.44543977e+05 -2.94143051e-01 
 1.47910839e+05  1.96530392e+01  1.47910839e+05 -3.00670892e-01 
 1.51356125e+05  1.96374733e+01  1.51356125e+05 -3.07329104e-01 
 1.54881662e+05  1.96212333e+01  1.54881662e+05 -3.14119338e-01 
 1.58489319e+05  1.96042928e+01  1.58489319e+05 -3.21043205e-01 
 1.62181010e+05  1.95866244e+01  1.62181010e+05 -3.28102266e-01 
 1.65958691e+05  1.95682000e+01  1.65958691e+05 -3.35298032e-01 
 1.69824365e+05  1.95489907e+01  1.69824365e+05 -3.42631956e-01 
 1.73780083e+05  1.95289667e+01  1.73780083e+05 -3.50105427e-01 
 1.77827941e+05  1.95080974e+01  1.77827941e+05 -3.57719766e-01 
 1.81970086e+05  1.94863515e+01  1.81970086e+05 -3.65476220e-01 
 1.86208714e+05  1.94636968e+01  1.86208714e+05 -3.73375955e-01 
 1.90546072e+05  1.94401004e+01  1.90546072e+05 -3.81420049e-01 
 1.94984460e+05  1.94155285e+01  1.94984460e+05 -3.89609488e-01 
 1.99526231e+05  1.93899467e+01  1.99526231e+05 -3.97945161e-01 
 2.04173794e+05  1.93633197e+01  2.04173794e+05 -4.06427846e-01 
 2.08929613e+05  1.93356116e+01  2.08929613e+05 -4.15058212e-01 
 2.13796209e+05  1.93067858e+01  2.13796209e+05 -4.23836808e-01 
 2.18776162e+05  1.92768051e+01  2.18776162e+05 -4.32764057e-01 
 2.23872114e+05  1.92456317e+01  2.23872114e+05 -4.41840249e-01 
 2.29086765e+05  1.92132270e+01  2.29086765e+05 -4.51065534e-01 
 2.34422882e+05  1.91795523e+01  2.34422882e+05 -4.60439918e-01 
 2.39883292e+05  1.91445680e+01  2.39883292e+05 -4.69963253e-01 
 2.45470892e+05  1.91082344e+01  2.45470892e+05 -4.79635234e-01 
 2.51188643e+05  1.90705114e+01  2.51188643e+05 -4.89455390e-01 
 2.57039578e+05  1.90313584e+01  2.57039578e+05 -4.99423081e-01 
 2.63026799e+05  1.89907350e+01  2.63026799e+05 -5.09537490e-01 
 2.69153480e+05  1.89486002e+01  2.69153480e+05 -5.19797619e-01 
 2.75422870e+05  1.89049133e+01  2.75422870e+05 -5.30202287e-01 
 2.81838293e+05  1.88596334e+01  2.81838293e+05 -5.40750120e-01 
 2.88403150e+05  1.88127200e+01  2.88403150e+05 -5.51439551e-01 
 2.95120923e+05  1.87641326e+01  2.95120923e+05 -5.62268819e-01 
 3.01995172e+05  1.87138311e+01  3.01995172e+05 -5.73235961e-01 
 3.09029543e+05  1.86617757e+01  3.09029543e+05 -5.84338816e-01 
 3.16227766e+05  1.86079273e+01  3.16227766e+05 -5.95575018e-01 
 3.23593657e+05  1.85522475e+01  3.23593657e+05 -6.06942003e-01 
 3.31131121e+05  1.84946983e+01  3.31131121e+05 -6.18437002e-01 
 3.38844156e+05  1.84352428e+01  3.38844156e+05 -6.30057049e-01 
 3.46736850e+05  1.83738452e+01  3.46736850e+05 -6.41798980e-01 
 3.54813389e+05  1.83104706e+01  3.54813389e+05 -6.53659435e-01 
 3.63078055e+05  1.82450852e+01  3.63078055e+05 -6.65634868e-01 
 3.71535229e+05  1.81776568e+01  3.71535229e+05 -6.77721545e-01 
 3.80189396e+05  1.81081545e+01  3.80189396e+05 -6.89915557e-01 
 3.89045145e+05  1.80365489e+01  3.89045145e+05 -7.02212824e-01 
 3.98107171e+05  1.79628122e+01  3.98107171e+05 -7.14609102e-01 
 4.07380278e+05  1.78869185e+01  4.07380278e+05 -7.27099997e-01 
 4.16869383e+05  1.78088437e+01  4.16869383e+05 -7.39680969e-01 
 4.26579519e+05  1.77285656e+01  4.26579519e+05 -7.52347348e-01 
 4.36515832e+05  1.76460640e+01  4.36515832e+05 -7.65094347e-01 
 4.46683592e+05  1.75613208e+01  4.46683592e+05 -7.77917068e-01 
 4.57088190e+05  1.74743203e+01  4.57088190e+05 -7.90810524e-01 
 4.67735141e+05  1.73850488e+01  4.67735141e+05 -8.03769648e-01 
 4.78630092e+05  1.72934949e+01  4.78630092e+05 -8.16789307e-01 
 4.89778819e+05  1.71996497e+01  4.89778819e+05 -8.29864323e-01 
 5.01187234e+05  1.71035066e+01  5.01187234e+05 -8.42989485e-01 
 5.12861384e+05  1.70050615e+01  5.12861384e+05 -8.56159564e-01 
 5.24807460e+05  1.69043125e+01  5.24807460e+05 -8.69369332e-01 
 5.37031796e+05  1.68012604e+01  5.37031796e+05 -8.82613579e-01 
 5.49540874e+05  1.66959082e+01  5.49540874e+05 -8.95887126e-01 
 5.62341325e+05  1.65882616e+01  5.62341325e+05 -9.09184846e-01 
 5.75439937e+05  1.64783285e+01  5.75439937e+05 -9.22501677e-01 
 5.88843655e+05  1.63661191e+01  5.88843655e+05 -9.35832639e-01 
 6.02559586e+05  1.62516461e+01  6.02559586e+05 -9.49172851e-01 
 6.16595002e+05  1.61349243e+01  6.16595002e+05 -9.62517543e-01 
 6.30957344e+05  1.60159709e+01  6.30957344e+05 -9.75862075e-01 
 6.45654229e+05  1.58948051e+01  6.45654229e+05 -9.89201946e-01 
 6.60693448e+05  1.57714482e+01  6.60693448e+05 -1.00253281e+00 
 6.76082975e+05  1.56459233e+01  6.76082975e+05 -1.01585050e+00 
 6.91830971e+05  1.55182557e+01  6.91830971e+05 -1.02915100e+00 
 7.07945784e+05  1.53884722e+01  7.07945784e+05 -1.04243052e+00 
 7.24435960e+05  1.52566014e+01  7.24435960e+05 -1.05568544e+00 
 7.41310241e+05  1.51226735e+01  7.41310241e+05 -1.06891236e+00 
 7.58577575e+05  1.49867202e+01  7.58577575e+05 -1.08210811e+00 
 7.76247117e+05  1.48487745e+01  7.76247117e+05 -1.09526971e+00 
 7.94328235e+05  1.47088705e+01  7.94328235e+05 -1.10839444e+00 
 8.12830516e+05  1.45670437e+01  8.12830516e+05 -1.12147981e+00 
 8.31763771e+05  1.44233303e+01  8.31763771e+05 -1.13452355e+00 
 8.51138038e+05  1.42777678e+01  8.51138038e+05 -1.14752365e+00 
 8.70963590e+05  1.41303941e+01  8.70963590e+05 -1.16047834e+00 
 8.91250938e+05  1.39812480e+01  8.91250938e+05 -1.17338609e+00 
 9.12010839e+05  1.38303687e+01  9.12010839e+05 -1.18624561e+00 
 9.33254301e+05  1.36777960e+01  9.33254301e+05 -1.19905587e+00 
 9.54992586e+05  1.35235700e+01  9.54992586e+05 -1.21181607e+00 
 9.77237221e+05  1.33677311e+01  9.77237221e+05 -1.22452566e+00 
 1.00000000e+06  1.32103197e+01  1.00000000e+06 -1.23718434e+00 
 1.02329299e+06  1.30513763e+01  1.02329299e+06 -1.24979201e+00 
 1.04712855e+06  1.28909416e+01  1.04712855e+06 -1.26234883e+00 
 1.07151931e+06  1.27290559e+01  1.07151931e+06 -1.27485519e+00 
 1.09647820e+06  1.25657594e+01  1.09647820e+06 -1.28731170e+00 
 1.12201845e+06  1.24010921e+01  1.12201845e+06 -1.29971918e+00 
 1.14815362e+06  1.22350937e+01  1.14815362e+06 -1.31207867e+00 
 1.17489755e+06  1.20678033e+01  1.17489755e+06 -1.32439141e+00 
 1.20226443e+06  1.18992596e+01  1.20226443e+06 -1.33665885e+00 
 1.23026877e+06  1.17295011e+01  1.23026877e+06 -1.34888264e+00 
 1.25892541e+06  1.15585653e+01  1.25892541e+06 -1.36106461e+00 
 1.28824955e+06  1.13864893e+01  1.28824955e+06 -1.37320677e+00 
 1.31825674e+06  1.12133096e+01  1.31825674e+06 -1.38531132e+00 
 1.34896288e+06  1.10390619e+01  1.34896288e+06 -1.39738062e+00 
 1.38038426e+06  1.08637812e+01  1.38038426e+06 -1.40941720e+00 
 1.41253754e+06  1.06875019e+01  1.41253754e+06 -1.42142374e+00 
 1.44543977e+06  1.05102576e+01  1.44543977e+06 -1.43340308e+00 
 1.47910839e+06  1.03320808e+01  1.47910839e+06 -1.44535819e+00 
 1.51356125e+06  1.01530036e+01  1.51356125e+06 -1.45729219e+00 
 1.54881662e+06  9.97305716e+00  1.54881662e+06 -1.46920834e+00 
 1.58489319e+06  9.79227171e+00  1.58489319e+06 -1.48111002e+00 
 1.62181010e+06  9.61067674e+00  1.62181010e+06 -1.49300071e+00 
 1.65958691e+06  9.42830089e+00  1.65958691e+06 -1.50488403e+00 
 1.69824365e+06  9.24517196e+00  1.69824365e+06 -1.51676370e+00 
 1.73780083e+06  9.06131691e+00  1.73780083e+06 -1.52864355e+00 
 1.77827941e+06  8.87676184e+00  1.77827941e+06 -1.54052749e+00 
 1.81970086e+06  8.69153207e+00  1.81970086e+06 -1.55241955e+00 
 1.86208714e+06  8.50565203e+00  1.86208714e+06 -1.56432383e+00 
 1.90546072e+06  8.31914539e+00  1.90546072e+06 -1.57624451e+00 
 1.94984460e+06  8.13203497e+00  1.94984460e+06 -1.58818585e+00 
 1.99526231e+06  7.94434282e+00  1.99526231e+06 -1.60015220e+00 
 2.04173794e+06  7.75609017e+00  2.04173794e+06 -1.61214796e+00 
 2.08929613e+06  7.56729750e+00  2.08929613e+06 -1.62417761e+00 
 2.13796209e+06  7.37798451e+00  2.13796209e+06 -1.63624566e+00 
 2.18776162e+06  7.18817018e+00  2.18776162e+06 -1.64835672e+00 
 2.23872114e+06  6.99787271e+00  2.23872114e+06 -1.66051541e+00 
 2.29086765e+06  6.80710962e+00  2.29086765e+06 -1.67272642e+00 
 2.34422882e+06  6.61589770e+00  2.34422882e+06 -1.68499448e+00 
 2.39883292e+06  6.42425307e+00  2.39883292e+06 -1.69732435e+00 
 2.45470892e+06  6.23219118e+00  2.45470892e+06 -1.70972085e+00 
 2.51188643e+06  6.03972679e+00  2.51188643e+06 -1.72218878e+00 
 2.57039578e+06  5.84687406e+00  2.57039578e+06 -1.73473302e+00 
 2.63026799e+06  5.65364650e+00  2.63026799e+06 -1.74735845e+00 
 2.69153480e+06  5.46005703e+00  2.69153480e+06 -1.76006995e+00 
 2.75422870e+06  5.26611798e+00  2.75422870e+06 -1.77287245e+00 
 2.81838293e+06  5.07184108e+00  2.81838293e+06 -1.78577085e+00 
 2.88403150e+06  4.87723752e+00  2.88403150e+06 -1.79877008e+00 
 2.95120923e+06  4.68231797e+00  2.95120923e+06 -1.81187507e+00 
 3.01995172e+06  4.48709253e+00  3.01995172e+06 -1.82509072e+00 
 3.09029543e+06  4.29157083e+00  3.09029543e+06 -1.83842194e+00 
 3.16227766e+06  4.09576198e+00  3.16227766e+06 -1.85187362e+00 
 3.23593657e+06  3.89967463e+00  3.23593657e+06 -1.86545062e+00 
 3.31131121e+06  3.70331695e+00  3.31131121e+06 -1.87915779e+00 
 3.38844156e+06  3.50669669e+00  3.38844156e+06 -1.89299992e+00 
 3.46736850e+06  3.30982114e+00  3.46736850e+06 -1.90698178e+00 
 3.54813389e+06  3.11269720e+00  3.54813389e+06 -1.92110808e+00 
 3.63078055e+06  2.91533134e+00  3.63078055e+06 -1.93538349e+00 
 3.71535229e+06  2.71772968e+00  3.71535229e+06 -1.94981261e+00 
 3.80189396e+06  2.51989795e+00  3.80189396e+06 -1.96439997e+00 
 3.89045145e+06  2.32184152e+00  3.89045145e+06 -1.97915003e+00 
 3.98107171e+06  2.12356542e+00  3.98107171e+06 -1.99406715e+00 
 4.07380278e+06  1.92507438e+00  4.07380278e+06 -2.00915561e+00 
 4.16869383e+06  1.72637279e+00  4.16869383e+06 -2.02441959e+00 
 4.26579519e+06  1.52746476e+00  4.26579519e+06 -2.03986314e+00 
 4.36515832e+06  1.32835412e+00  4.36515832e+06 -2.05549021e+00 
 4.46683592e+06  1.12904443e+00  4.46683592e+06 -2.07130460e+00 
 4.57088190e+06  9.29539009e-01  4.57088190e+06 -2.08730997e+00 
 4.67735141e+06  7.29840932e-01  4.67735141e+06 -2.10350984e+00 
 4.78630092e+06  5.29953064e-01  4.78630092e+06 -2.11990754e+00 
 4.89778819e+06  3.29878068e-01  4.89778819e+06 -2.13650625e+00 
 5.01187234e+06  1.29618420e-01  5.01187234e+06 -2.15330893e+00 
 5.12861384e+06 -7.08235730e-02  5.12861384e+06 -2.17031838e+00 
 5.24807460e+06 -2.71445755e-01  5.24807460e+06 -2.18753713e+00 
 5.37031796e+06 -4.72246108e-01  5.37031796e+06 -2.20496754e+00 
 5.49540874e+06 -6.73222729e-01  5.49540874e+06 -2.22261170e+00 
 5.62341325e+06 -8.74373818e-01  5.62341325e+06 -2.24047145e+00 
 5.75439937e+06 -1.07569766e+00  5.75439937e+06 -2.25854836e+00 
 5.88843655e+06 -1.27719260e+00  5.88843655e+06 -2.27684372e+00 
 6.02559586e+06 -1.47885704e+00  6.02559586e+06 -2.29535855e+00 
 6.16595002e+06 -1.68068940e+00  6.16595002e+06 -2.31409352e+00 
 6.30957344e+06 -1.88268812e+00  6.30957344e+06 -2.33304902e+00 
 6.45654229e+06 -2.08485163e+00  6.45654229e+06 -2.35222509e+00 
 6.60693448e+06 -2.28717833e+00  6.60693448e+06 -2.37162141e+00 
 6.76082975e+06 -2.48966658e+00  6.76082975e+06 -2.39123732e+00 
 6.91830971e+06 -2.69231469e+00  6.91830971e+06 -2.41107179e+00 
 7.07945784e+06 -2.89512086e+00  7.07945784e+06 -2.43112340e+00 
 7.24435960e+06 -3.09808321e+00  7.24435960e+06 -2.45139033e+00 
 7.41310241e+06 -3.30119976e+00  7.41310241e+06 -2.47187038e+00 
 7.58577575e+06 -3.50446838e+00  7.58577575e+06 -2.49256091e+00 
 7.76247117e+06 -3.70788678e+00  7.76247117e+06 -2.51345889e+00 
 7.94328235e+06 -3.91145254e+00  7.94328235e+06 -2.53456083e+00 
 8.12830516e+06 -4.11516304e+00  8.12830516e+06 -2.55586283e+00 
 8.31763771e+06 -4.31901546e+00  8.31763771e+06 -2.57736055e+00 
 8.51138038e+06 -4.52300680e+00  8.51138038e+06 -2.59904921e+00 
 8.70963590e+06 -4.72713384e+00  8.70963590e+06 -2.62092357e+00 
 8.91250938e+06 -4.93139313e+00  8.91250938e+06 -2.64297798e+00 
 9.12010839e+06 -5.13578098e+00  9.12010839e+06 -2.66520631e+00 
 9.33254301e+06 -5.34029349e+00  9.33254301e+06 -2.68760204e+00 
 9.54992586e+06 -5.54492648e+00  9.54992586e+06 -2.71015817e+00 
 9.77237221e+06 -5.74967556e+00  9.77237221e+06 -2.73286732e+00 
 1.00000000e+07 -5.95453607e+00  1.00000000e+07 -2.75572166e+00 
