 1.00000000e+03  6.01927384e+00  1.00000000e+03 -4.20433522e-04 
 1.02329299e+03  6.01927383e+00  1.02329299e+03 -4.30226676e-04 
 1.04712855e+03  6.01927381e+00  1.04712855e+03 -4.40247943e-04 
 1.07151931e+03  6.01927380e+00  1.07151931e+03 -4.50502634e-04 
 1.09647820e+03  6.01927378e+00  1.09647820e+03 -4.60996188e-04 
 1.12201845e+03  6.01927377e+00  1.12201845e+03 -4.71734169e-04 
 1.14815362e+03  6.01927375e+00  1.14815362e+03 -4.82722269e-04 
 1.17489755e+03  6.01927374e+00  1.17489755e+03 -4.93966315e-04 
 1.20226443e+03  6.01927372e+00  1.20226443e+03 -5.05472268e-04 
 1.23026877e+03  6.01927370e+00  1.23026877e+03 -5.17246229e-04 
 1.25892541e+03  6.01927368e+00  1.25892541e+03 -5.29294441e-04 
 1.28824955e+03  6.01927366e+00  1.28824955e+03 -5.41623292e-04 
 1.31825674e+03  6.01927364e+00  1.31825674e+03 -5.54239319e-04 
 1.34896288e+03  6.01927362e+00  1.34896288e+03 -5.67149210e-04 
 1.38038426e+03  6.01927360e+00  1.38038426e+03 -5.80359812e-04 
 1.41253754e+03  6.01927357e+00  1.41253754e+03 -5.93878128e-04 
 1.44543977e+03  6.01927355e+00  1.44543977e+03 -6.07711326e-04 
 1.47910839e+03  6.01927352e+00  1.47910839e+03 -6.21866740e-04 
 1.51356125e+03  6.01927349e+00  1.51356125e+03 -6.36351877e-04 
 1.54881662e+03  6.01927346e+00  1.54881662e+03 -6.51174416e-04 
 1.58489319e+03  6.01927343e+00  1.58489319e+03 -6.66342215e-04 
 1.62181010e+03  6.01927340e+00  1.62181010e+03 -6.81863319e-04 
 1.65958691e+03  6.01927337e+00  1.65958691e+03 -6.97745955e-04 
 1.69824365e+03  6.01927333e+00  1.69824365e+03 -7.13998545e-04 
 1.73780083e+03  6.01927330e+00  1.73780083e+03 -7.30629706e-04 
 1.77827941e+03  6.01927326e+00  1.77827941e+03 -7.47648257e-04 
 1.81970086e+03  6.01927322e+00  1.81970086e+03 -7.65063221e-04 
 1.86208714e+03  6.01927318e+00  1.86208714e+03 -7.82883831e-04 
 1.90546072e+03  6.01927313e+00  1.90546072e+03 -8.01119537e-04 
 1.94984460e+03  6.01927309e+00  1.94984460e+03 -8.19780007e-04 
 1.99526231e+03  6.01927304e+00  1.99526231e+03 -8.38875134e-04 
 2.04173794e+03  6.01927299e+00  2.04173794e+03 -8.58415045e-04 
 2.08929613e+03  6.01927294e+00  2.08929613e+03 -8.78410098e-04 
 2.13796209e+03  6.01927288e+00  2.13796209e+03 -8.98870895e-04 
 2.18776162e+03  6.01927282e+00  2.18776162e+03 -9.19808286e-04 
 2.23872114e+03  6.01927276e+00  2.23872114e+03 -9.41233371e-04 
 2.29086765e+03  6.01927270e+00  2.29086765e+03 -9.63157510e-04 
 2.34422882e+03  6.01927263e+00  2.34422882e+03 -9.85592328e-04 
 2.39883292e+03  6.01927256e+00  2.39883292e+03 -1.00854972e-03 
 2.45470892e+03  6.01927249e+00  2.45470892e+03 -1.03204186e-03 
 2.51188643e+03  6.01927241e+00  2.51188643e+03 -1.05608120e-03 
 2.57039578e+03  6.01927233e+00  2.57039578e+03 -1.08068049e-03 
 2.63026799e+03  6.01927225e+00  2.63026799e+03 -1.10585276e-03 
 2.69153480e+03  6.01927216e+00  2.69153480e+03 -1.13161138e-03 
 2.75422870e+03  6.01927207e+00  2.75422870e+03 -1.15796999e-03 
 2.81838293e+03  6.01927197e+00  2.81838293e+03 -1.18494257e-03 
 2.88403150e+03  6.01927187e+00  2.88403150e+03 -1.21254342e-03 
 2.95120923e+03  6.01927177e+00  2.95120923e+03 -1.24078718e-03 
 3.01995172e+03  6.01927166e+00  3.01995172e+03 -1.26968882e-03 
 3.09029543e+03  6.01927154e+00  3.09029543e+03 -1.29926367e-03 
 3.16227766e+03  6.01927142e+00  3.16227766e+03 -1.32952740e-03 
 3.23593657e+03  6.01927130e+00  3.23593657e+03 -1.36049607e-03 
 3.31131121e+03  6.01927116e+00  3.31131121e+03 -1.39218608e-03 
 3.38844156e+03  6.01927102e+00  3.38844156e+03 -1.42461426e-03 
 3.46736850e+03  6.01927088e+00  3.46736850e+03 -1.45779778e-03 
 3.54813389e+03  6.01927073e+00  3.54813389e+03 -1.49175424e-03 
 3.63078055e+03  6.01927057e+00  3.63078055e+03 -1.52650165e-03 
 3.71535229e+03  6.01927040e+00  3.71535229e+03 -1.56205843e-03 
 3.80189396e+03  6.01927023e+00  3.80189396e+03 -1.59844343e-03 
 3.89045145e+03  6.01927004e+00  3.89045145e+03 -1.63567595e-03 
 3.98107171e+03  6.01926985e+00  3.98107171e+03 -1.67377573e-03 
 4.07380278e+03  6.01926965e+00  4.07380278e+03 -1.71276296e-03 
 4.16869383e+03  6.01926944e+00  4.16869383e+03 -1.75265832e-03 
 4.26579519e+03  6.01926922e+00  4.26579519e+03 -1.79348296e-03 
 4.36515832e+03  6.01926899e+00  4.36515832e+03 -1.83525853e-03 
 4.46683592e+03  6.01926875e+00  4.46683592e+03 -1.87800717e-03 
 4.57088190e+03  6.01926850e+00  4.57088190e+03 -1.92175156e-03 
 4.67735141e+03  6.01926823e+00  4.67735141e+03 -1.96651488e-03 
 4.78630092e+03  6.01926796e+00  4.78630092e+03 -2.01232087e-03 
 4.89778819e+03  6.01926767e+00  4.89778819e+03 -2.05919382e-03 
 5.01187234e+03  6.01926736e+00  5.01187234e+03 -2.10715858e-03 
 5.12861384e+03  6.01926704e+00  5.12861384e+03 -2.15624058e-03 
 5.24807460e+03  6.01926671e+00  5.24807460e+03 -2.20646585e-03 
 5.37031796e+03  6.01926636e+00  5.37031796e+03 -2.25786101e-03 
 5.49540874e+03  6.01926600e+00  5.49540874e+03 -2.31045331e-03 
 5.62341325e+03  6.01926562e+00  5.62341325e+03 -2.36427065e-03 
 5.75439937e+03  6.01926522e+00  5.75439937e+03 -2.41934155e-03 
 5.88843655e+03  6.01926480e+00  5.88843655e+03 -2.47569521e-03 
 6.02559586e+03  6.01926436e+00  6.02559586e+03 -2.53336151e-03 
 6.16595002e+03  6.01926390e+00  6.16595002e+03 -2.59237104e-03 
 6.30957344e+03  6.01926342e+00  6.30957344e+03 -2.65275506e-03 
 6.45654229e+03  6.01926291e+00  6.45654229e+03 -2.71454561e-03 
 6.60693448e+03  6.01926239e+00  6.60693448e+03 -2.77777544e-03 
 6.76082975e+03  6.01926183e+00  6.76082975e+03 -2.84247808e-03 
 6.91830971e+03  6.01926126e+00  6.91830971e+03 -2.90868783e-03 
 7.07945784e+03  6.01926065e+00  7.07945784e+03 -2.97643980e-03 
 7.24435960e+03  6.01926002e+00  7.24435960e+03 -3.04576991e-03 
 7.41310241e+03  6.01925935e+00  7.41310241e+03 -3.11671492e-03 
 7.58577575e+03  6.01925866e+00  7.58577575e+03 -3.18931245e-03 
 7.76247117e+03  6.01925793e+00  7.76247117e+03 -3.26360098e-03 
 7.94328235e+03  6.01925717e+00  7.94328235e+03 -3.33961991e-03 
 8.12830516e+03  6.01925637e+00  8.12830516e+03 -3.41740954e-03 
 8.31763771e+03  6.01925553e+00  8.31763771e+03 -3.49701112e-03 
 8.51138038e+03  6.01925466e+00  8.51138038e+03 -3.57846685e-03 
 8.70963590e+03  6.01925374e+00  8.70963590e+03 -3.66181991e-03 
 8.91250938e+03  6.01925278e+00  8.91250938e+03 -3.74711451e-03 
 9.12010839e+03  6.01925177e+00  9.12010839e+03 -3.83439586e-03 
 9.33254301e+03  6.01925072e+00  9.33254301e+03 -3.92371025e-03 
 9.54992586e+03  6.01924962e+00  9.54992586e+03 -4.01510502e-03 
 9.77237221e+03  6.01924846e+00  9.77237221e+03 -4.10862864e-03 
 1.00000000e+04  6.01924726e+00  1.00000000e+04 -4.20433069e-03 
 1.02329299e+04  6.01924599e+00  1.02329299e+04 -4.30226191e-03 
 1.04712855e+04  6.01924466e+00  1.04712855e+04 -4.40247423e-03 
 1.07151931e+04  6.01924328e+00  1.07151931e+04 -4.50502077e-03 
 1.09647820e+04  6.01924182e+00  1.09647820e+04 -4.60995591e-03 
 1.12201845e+04  6.01924030e+00  1.12201845e+04 -4.71733529e-03 
 1.14815362e+04  6.01923871e+00  1.14815362e+04 -4.82721583e-03 
 1.17489755e+04  6.01923704e+00  1.17489755e+04 -4.93965580e-03 
 1.20226443e+04  6.01923529e+00  1.20226443e+04 -5.05471481e-03 
 1.23026877e+04  6.01923347e+00  1.23026877e+04 -5.17245386e-03 
 1.25892541e+04  6.01923155e+00  1.25892541e+04 -5.29293537e-03 
 1.28824955e+04  6.01922954e+00  1.28824955e+04 -5.41622324e-03 
 1.31825674e+04  6.01922744e+00  1.31825674e+04 -5.54238281e-03 
 1.34896288e+04  6.01922524e+00  1.34896288e+04 -5.67148098e-03 
 1.38038426e+04  6.01922294e+00  1.38038426e+04 -5.80358621e-03 
 1.41253754e+04  6.01922053e+00  1.41253754e+04 -5.93876851e-03 
 1.44543977e+04  6.01921801e+00  1.44543977e+04 -6.07709958e-03 
 1.47910839e+04  6.01921536e+00  1.47910839e+04 -6.21865275e-03 
 1.51356125e+04  6.01921259e+00  1.51356125e+04 -6.36350307e-03 
 1.54881662e+04  6.01920969e+00  1.54881662e+04 -6.51172733e-03 
 1.58489319e+04  6.01920666e+00  1.58489319e+04 -6.66340412e-03 
 1.62181010e+04  6.01920348e+00  1.62181010e+04 -6.81861387e-03 
 1.65958691e+04  6.01920015e+00  1.65958691e+04 -6.97743884e-03 
 1.69824365e+04  6.01919667e+00  1.69824365e+04 -7.13996326e-03 
 1.73780083e+04  6.01919302e+00  1.73780083e+04 -7.30627329e-03 
 1.77827941e+04  6.01918919e+00  1.77827941e+04 -7.47645710e-03 
 1.81970086e+04  6.01918519e+00  1.81970086e+04 -7.65060492e-03 
 1.86208714e+04  6.01918100e+00  1.86208714e+04 -7.82880907e-03 
 1.90546072e+04  6.01917661e+00  1.90546072e+04 -8.01116404e-03 
 1.94984460e+04  6.01917202e+00  1.94984460e+04 -8.19776649e-03 
 1.99526231e+04  6.01916721e+00  1.99526231e+04 -8.38871537e-03 
 2.04173794e+04  6.01916217e+00  2.04173794e+04 -8.58411190e-03 
 2.08929613e+04  6.01915689e+00  2.08929613e+04 -8.78405967e-03 
 2.13796209e+04  6.01915137e+00  2.13796209e+04 -8.98866469e-03 
 2.18776162e+04  6.01914559e+00  2.18776162e+04 -9.19803544e-03 
 2.23872114e+04  6.01913953e+00  2.23872114e+04 -9.41228289e-03 
 2.29086765e+04  6.01913319e+00  2.29086765e+04 -9.63152065e-03 
 2.34422882e+04  6.01912655e+00  2.34422882e+04 -9.85586494e-03 
 2.39883292e+04  6.01911959e+00  2.39883292e+04 -1.00854347e-02 
 2.45470892e+04  6.01911231e+00  2.45470892e+04 -1.03203516e-02 
 2.51188643e+04  6.01910468e+00  2.51188643e+04 -1.05607402e-02 
 2.57039578e+04  6.01909670e+00  2.57039578e+04 -1.08067279e-02 
 2.63026799e+04  6.01908834e+00  2.63026799e+04 -1.10584452e-02 
 2.69153480e+04  6.01907958e+00  2.69153480e+04 -1.13160255e-02 
 2.75422870e+04  6.01907042e+00  2.75422870e+04 -1.15796053e-02 
 2.81838293e+04  6.01906082e+00  2.81838293e+04 -1.18493243e-02 
 2.88403150e+04  6.01905076e+00  2.88403150e+04 -1.21253256e-02 
 2.95120923e+04  6.01904024e+00  2.95120923e+04 -1.24077554e-02 
 3.01995172e+04  6.01902922e+00  3.01995172e+04 -1.26967635e-02 
 3.09029543e+04  6.01901768e+00  3.09029543e+04 -1.29925030e-02 
 3.16227766e+04  6.01900559e+00  3.16227766e+04 -1.32951308e-02 
 3.23593657e+04  6.01899294e+00  3.23593657e+04 -1.36048072e-02 
 3.31131121e+04  6.01897969e+00  3.31131121e+04 -1.39216964e-02 
 3.38844156e+04  6.01896581e+00  3.38844156e+04 -1.42459664e-02 
 3.46736850e+04  6.01895128e+00  3.46736850e+04 -1.45777890e-02 
 3.54813389e+04  6.01893607e+00  3.54813389e+04 -1.49173401e-02 
 3.63078055e+04  6.01892014e+00  3.63078055e+04 -1.52647997e-02 
 3.71535229e+04  6.01890345e+00  3.71535229e+04 -1.56203520e-02 
 3.80189396e+04  6.01888599e+00  3.80189396e+04 -1.59841855e-02 
 3.89045145e+04  6.01886770e+00  3.89045145e+04 -1.63564928e-02 
 3.98107171e+04  6.01884854e+00  3.98107171e+04 -1.67374715e-02 
 4.07380278e+04  6.01882849e+00  4.07380278e+04 -1.71273234e-02 
 4.16869383e+04  6.01880749e+00  4.16869383e+04 -1.75262551e-02 
 4.26579519e+04  6.01878550e+00  4.26579519e+04 -1.79344780e-02 
 4.36515832e+04  6.01876247e+00  4.36515832e+04 -1.83522086e-02 
 4.46683592e+04  6.01873836e+00  4.46683592e+04 -1.87796681e-02 
 4.57088190e+04  6.01871311e+00  4.57088190e+04 -1.92170831e-02 
 4.67735141e+04  6.01868667e+00  4.67735141e+04 -1.96646854e-02 
 4.78630092e+04  6.01865899e+00  4.78630092e+04 -2.01227121e-02 
 4.89778819e+04  6.01863000e+00  4.89778819e+04 -2.05914061e-02 
 5.01187234e+04  6.01859965e+00  5.01187234e+04 -2.10710157e-02 
 5.12861384e+04  6.01856786e+00  5.12861384e+04 -2.15617949e-02 
 5.24807460e+04  6.01853458e+00  5.24807460e+04 -2.20640039e-02 
 5.37031796e+04  6.01849973e+00  5.37031796e+04 -2.25779087e-02 
 5.49540874e+04  6.01846324e+00  5.49540874e+04 -2.31037816e-02 
 5.62341325e+04  6.01842502e+00  5.62341325e+04 -2.36419011e-02 
 5.75439937e+04  6.01838501e+00  5.75439937e+04 -2.41925525e-02 
 5.88843655e+04  6.01834311e+00  5.88843655e+04 -2.47560274e-02 
 6.02559586e+04  6.01829924e+00  6.02559586e+04 -2.53326244e-02 
 6.16595002e+04  6.01825330e+00  6.16595002e+04 -2.59226487e-02 
 6.30957344e+04  6.01820519e+00  6.30957344e+04 -2.65264131e-02 
 6.45654229e+04  6.01815482e+00  6.45654229e+04 -2.71442372e-02 
 6.60693448e+04  6.01810208e+00  6.60693448e+04 -2.77764483e-02 
 6.76082975e+04  6.01804685e+00  6.76082975e+04 -2.84233813e-02 
 6.91830971e+04  6.01798902e+00  6.91830971e+04 -2.90853788e-02 
 7.07945784e+04  6.01792846e+00  7.07945784e+04 -2.97627912e-02 
 7.24435960e+04  6.01786505e+00  7.24435960e+04 -3.04559774e-02 
 7.41310241e+04  6.01779865e+00  7.41310241e+04 -3.11653044e-02 
 7.58577575e+04  6.01772912e+00  7.58577575e+04 -3.18911478e-02 
 7.76247117e+04  6.01765632e+00  7.76247117e+04 -3.26338917e-02 
 7.94328235e+04  6.01758008e+00  7.94328235e+04 -3.33939296e-02 
 8.12830516e+04  6.01750026e+00  8.12830516e+04 -3.41716636e-02 
 8.31763771e+04  6.01741667e+00  8.31763771e+04 -3.49675054e-02 
 8.51138038e+04  6.01732915e+00  8.51138038e+04 -3.57818763e-02 
 8.70963590e+04  6.01723750e+00  8.70963590e+04 -3.66152073e-02 
 8.91250938e+04  6.01714154e+00  8.91250938e+04 -3.74679393e-02 
 9.12010839e+04  6.01704105e+00  9.12010839e+04 -3.83405236e-02 
 9.33254301e+04  6.01693583e+00  9.33254301e+04 -3.92334219e-02 
 9.54992586e+04  6.01682565e+00  9.54992586e+04 -4.01471064e-02 
 9.77237221e+04  6.01671029e+00  9.77237221e+04 -4.10820606e-02 
 1.00000000e+05  6.01658948e+00  1.00000000e+05 -4.20387789e-02 
 1.02329299e+05  6.01646299e+00  1.02329299e+05 -4.30177674e-02 
 1.04712855e+05  6.01633054e+00  1.04712855e+05 -4.40195436e-02 
 1.07151931e+05  6.01619185e+00  1.07151931e+05 -4.50446373e-02 
 1.09647820e+05  6.01604663e+00  1.09647820e+05 -4.60935904e-02 
 1.12201845e+05  6.01589456e+00  1.12201845e+05 -4.71669574e-02 
 1.14815362e+05  6.01573534e+00  1.14815362e+05 -4.82653056e-02 
 1.17489755e+05  6.01556861e+00  1.17489755e+05 -4.93892153e-02 
 1.20226443e+05  6.01539404e+00  1.20226443e+05 -5.05392803e-02 
 1.23026877e+05  6.01521124e+00  1.23026877e+05 -5.17161083e-02 
 1.25892541e+05  6.01501983e+00  1.25892541e+05 -5.29203207e-02 
 1.28824955e+05  6.01481940e+00  1.28824955e+05 -5.41525535e-02 
 1.31825674e+05  6.01460954e+00  1.31825674e+05 -5.54134572e-02 
 1.34896288e+05  6.01438980e+00  1.34896288e+05 -5.67036975e-02 
 1.38038426e+05  6.01415971e+00  1.38038426e+05 -5.80239552e-02 
 1.41253754e+05  6.01391878e+00  1.41253754e+05 -5.93749270e-02 
 1.44543977e+05  6.01366651e+00  1.44543977e+05 -6.07573256e-02 
 1.47910839e+05  6.01340236e+00  1.47910839e+05 -6.21718800e-02 
 1.51356125e+05  6.01312578e+00  1.51356125e+05 -6.36193360e-02 
 1.54881662e+05  6.01283618e+00  1.54881662e+05 -6.51004566e-02 
 1.58489319e+05  6.01253294e+00  1.58489319e+05 -6.66160224e-02 
 1.62181010e+05  6.01221542e+00  1.62181010e+05 -6.81668318e-02 
 1.65958691e+05  6.01188296e+00  1.65958691e+05 -6.97537014e-02 
 1.69824365e+05  6.01153486e+00  1.69824365e+05 -7.13774669e-02 
 1.73780083e+05  6.01117037e+00  1.73780083e+05 -7.30389827e-02 
 1.77827941e+05  6.01078872e+00  1.77827941e+05 -7.47391232e-02 
 1.81970086e+05  6.01038911e+00  1.81970086e+05 -7.64787825e-02 
 1.86208714e+05  6.00997070e+00  1.86208714e+05 -7.82588751e-02 
 1.90546072e+05  6.00953261e+00  1.90546072e+05 -8.00803367e-02 
 1.94984460e+05  6.00907390e+00  1.94984460e+05 -8.19441239e-02 
 1.99526231e+05  6.00859361e+00  1.99526231e+05 -8.38512156e-02 
 2.04173794e+05  6.00809072e+00  2.04173794e+05 -8.58026126e-02 
 2.08929613e+05  6.00756419e+00  2.08929613e+05 -8.77993385e-02 
 2.13796209e+05  6.00701288e+00  2.13796209e+05 -8.98424404e-02 
 2.18776162e+05  6.00643565e+00  2.18776162e+05 -9.19329890e-02 
 2.23872114e+05  6.00583128e+00  2.23872114e+05 -9.40720791e-02 
 2.29086765e+05  6.00519848e+00  2.29086765e+05 -9.62608305e-02 
 2.34422882e+05  6.00453594e+00  2.34422882e+05 -9.85003883e-02 
 2.39883292e+05  6.00384225e+00  2.39883292e+05 -1.00791923e-01 
 2.45470892e+05  6.00311596e+00  2.45470892e+05 -1.03136633e-01 
 2.51188643e+05  6.00235553e+00  2.51188643e+05 -1.05535741e-01 
 2.57039578e+05  6.00155937e+00  2.57039578e+05 -1.07990499e-01 
 2.63026799e+05  6.00072580e+00  2.63026799e+05 -1.10502188e-01 
 2.69153480e+05  5.99985307e+00  2.69153480e+05 -1.13072114e-01 
 2.75422870e+05  5.99893934e+00  2.75422870e+05 -1.15701617e-01 
 2.81838293e+05  5.99798271e+00  2.81838293e+05 -1.18392063e-01 
 2.88403150e+05  5.99698115e+00  2.88403150e+05 -1.21144851e-01 
 2.95120923e+05  5.99593257e+00  2.95120923e+05 -1.23961408e-01 
 3.01995172e+05  5.99483477e+00  3.01995172e+05 -1.26843196e-01 
 3.09029543e+05  5.99368546e+00  3.09029543e+05 -1.29791707e-01 
 3.16227766e+05  5.99248221e+00  3.16227766e+05 -1.32808467e-01 
 3.23593657e+05  5.99122252e+00  3.23593657e+05 -1.35895034e-01 
 3.31131121e+05  5.98990374e+00  3.31131121e+05 -1.39053002e-01 
 3.38844156e+05  5.98852313e+00  3.38844156e+05 -1.42284000e-01 
 3.46736850e+05  5.98707779e+00  3.46736850e+05 -1.45589690e-01 
 3.54813389e+05  5.98556472e+00  3.54813389e+05 -1.48971772e-01 
 3.63078055e+05  5.98398074e+00  3.63078055e+05 -1.52431982e-01 
 3.71535229e+05  5.98232257e+00  3.71535229e+05 -1.55972094e-01 
 3.80189396e+05  5.98058674e+00  3.80189396e+05 -1.59593920e-01 
 3.89045145e+05  5.97876965e+00  3.89045145e+05 -1.63299310e-01 
 3.98107171e+05  5.97686752e+00  3.98107171e+05 -1.67090154e-01 
 4.07380278e+05  5.97487639e+00  4.07380278e+05 -1.70968382e-01 
 4.16869383e+05  5.97279214e+00  4.16869383e+05 -1.74935964e-01 
 4.26579519e+05  5.97061044e+00  4.26579519e+05 -1.78994913e-01 
 4.36515832e+05  5.96832677e+00  4.36515832e+05 -1.83147282e-01 
 4.46683592e+05  5.96593642e+00  4.46683592e+05 -1.87395167e-01 
 4.57088190e+05  5.96343444e+00  4.57088190e+05 -1.91740709e-01 
 4.67735141e+05  5.96081568e+00  4.67735141e+05 -1.96186091e-01 
 4.78630092e+05  5.95807472e+00  4.78630092e+05 -2.00733541e-01 
 4.89778819e+05  5.95520595e+00  4.89778819e+05 -2.05385332e-01 
 5.01187234e+05  5.95220345e+00  5.01187234e+05 -2.10143783e-01 
 5.12861384e+05  5.94906106e+00  5.12861384e+05 -2.15011260e-01 
 5.24807460e+05  5.94577236e+00  5.24807460e+05 -2.19990174e-01 
 5.37031796e+05  5.94233061e+00  5.37031796e+05 -2.25082984e-01 
 5.49540874e+05  5.93872879e+00  5.49540874e+05 -2.30292197e-01 
 5.62341325e+05  5.93495954e+00  5.62341325e+05 -2.35620368e-01 
 5.75439937e+05  5.93101521e+00  5.75439937e+05 -2.41070102e-01 
 5.88843655e+05  5.92688779e+00  5.88843655e+05 -2.46644051e-01 
 6.02559586e+05  5.92256891e+00  6.02559586e+05 -2.52344917e-01 
 6.16595002e+05  5.91804983e+00  6.16595002e+05 -2.58175453e-01 
 6.30957344e+05  5.91332145e+00  6.30957344e+05 -2.64138460e-01 
 6.45654229e+05  5.90837424e+00  6.45654229e+05 -2.70236792e-01 
 6.60693448e+05  5.90319827e+00  6.60693448e+05 -2.76473351e-01 
 6.76082975e+05  5.89778317e+00  6.76082975e+05 -2.82851091e-01 
 6.91830971e+05  5.89211814e+00  6.91830971e+05 -2.89373015e-01 
 7.07945784e+05  5.88619188e+00  7.07945784e+05 -2.96042178e-01 
 7.24435960e+05  5.87999262e+00  7.24435960e+05 -3.02861684e-01 
 7.41310241e+05  5.87350810e+00  7.41310241e+05 -3.09834690e-01 
 7.58577575e+05  5.86672552e+00  7.58577575e+05 -3.16964401e-01 
 7.76247117e+05  5.85963154e+00  7.76247117e+05 -3.24254070e-01 
 7.94328235e+05  5.85221226e+00  7.94328235e+05 -3.31707002e-01 
 8.12830516e+05  5.84445318e+00  8.12830516e+05 -3.39326550e-01 
 8.31763771e+05  5.83633922e+00  8.31763771e+05 -3.47116114e-01 
 8.51138038e+05  5.82785467e+00  8.51138038e+05 -3.55079142e-01 
 8.70963590e+05  5.81898315e+00  8.70963590e+05 -3.63219126e-01 
 8.91250938e+05  5.80970763e+00  8.91250938e+05 -3.71539606e-01 
 9.12010839e+05  5.80001037e+00  9.12010839e+05 -3.80044165e-01 
 9.33254301e+05  5.78987294e+00  9.33254301e+05 -3.88736426e-01 
 9.54992586e+05  5.77927615e+00  9.54992586e+05 -3.97620056e-01 
 9.77237221e+05  5.76820003e+00  9.77237221e+05 -4.06698759e-01 
 1.00000000e+06  5.75662387e+00  1.00000000e+06 -4.15976278e-01 
 1.02329299e+06  5.74452611e+00  1.02329299e+06 -4.25456389e-01 
 1.04712855e+06  5.73188437e+00  1.04712855e+06 -4.35142903e-01 
 1.07151931e+06  5.71867541e+00  1.07151931e+06 -4.45039660e-01 
 1.09647820e+06  5.70487510e+00  1.09647820e+06 -4.55150528e-01 
 1.12201845e+06  5.69045843e+00  1.12201845e+06 -4.65479398e-01 
 1.14815362e+06  5.67539943e+00  1.14815362e+06 -4.76030185e-01 
 1.17489755e+06  5.65967121e+00  1.17489755e+06 -4.86806820e-01 
 1.20226443e+06  5.64324587e+00  1.20226443e+06 -4.97813248e-01 
 1.23026877e+06  5.62609454e+00  1.23026877e+06 -5.09053425e-01 
 1.25892541e+06  5.60818734e+00  1.25892541e+06 -5.20531313e-01 
 1.28824955e+06  5.58949334e+00  1.28824955e+06 -5.32250873e-01 
 1.31825674e+06  5.56998057e+00  1.31825674e+06 -5.44216066e-01 
 1.34896288e+06  5.54961596e+00  1.34896288e+06 -5.56430841e-01 
 1.38038426e+06  5.52836539e+00  1.38038426e+06 -5.68899133e-01 
 1.41253754e+06  5.50619363e+00  1.41253754e+06 -5.81624860e-01 
 1.44543977e+06  5.48306431e+00  1.44543977e+06 -5.94611909e-01 
 1.47910839e+06  5.45893998e+00  1.47910839e+06 -6.07864137e-01 
 1.51356125e+06  5.43378203e+00  1.51356125e+06 -6.21385362e-01 
 1.54881662e+06  5.40755073e+00  1.54881662e+06 -6.35179355e-01 
 1.58489319e+06  5.38020519e+00  1.58489319e+06 -6.49249832e-01 
 1.62181010e+06  5.35170341e+00  1.62181010e+06 -6.63600448e-01 
 1.65958691e+06  5.32200223e+00  1.65958691e+06 -6.78234788e-01 
 1.69824365e+06  5.29105740e+00  1.69824365e+06 -6.93156359e-01 
 1.73780083e+06  5.25882351e+00  1.73780083e+06 -7.08368583e-01 
 1.77827941e+06  5.22525409e+00  1.77827941e+06 -7.23874784e-01 
 1.81970086e+06  5.19030157e+00  1.81970086e+06 -7.39678181e-01 
 1.86208714e+06  5.15391733e+00  1.86208714e+06 -7.55781882e-01 
 1.90546072e+06  5.11605172e+00  1.90546072e+06 -7.72188868e-01 
 1.94984460e+06  5.07665411e+00  1.94984460e+06 -7.88901988e-01 
 1.99526231e+06  5.03567291e+00  1.99526231e+06 -8.05923946e-01 
 2.04173794e+06  4.99305561e+00  2.04173794e+06 -8.23257294e-01 
 2.08929613e+06  4.94874888e+00  2.08929613e+06 -8.40904418e-01 
 2.13796209e+06  4.90269856e+00  2.13796209e+06 -8.58867532e-01 
 2.18776162e+06  4.85484977e+00  2.18776162e+06 -8.77148662e-01 
 2.23872114e+06  4.80514697e+00  2.23872114e+06 -8.95749641e-01 
 2.29086765e+06  4.75353401e+00  2.29086765e+06 -9.14672097e-01 
 2.34422882e+06  4.69995425e+00  2.34422882e+06 -9.33917441e-01 
 2.39883292e+06  4.64435063e+00  2.39883292e+06 -9.53486859e-01 
 2.45470892e+06  4.58666578e+00  2.45470892e+06 -9.73381302e-01 
 2.51188643e+06  4.52684209e+00  2.51188643e+06 -9.93601473e-01 
 2.57039578e+06  4.46482184e+00  2.57039578e+06 -1.01414782e+00 
 2.63026799e+06  4.40054734e+00  2.63026799e+06 -1.03502054e+00 
 2.69153480e+06  4.33396100e+00  2.69153480e+06 -1.05621955e+00 
 2.75422870e+06  4.26500549e+00  2.75422870e+06 -1.07774447e+00 
 2.81838293e+06  4.19362387e+00  2.81838293e+06 -1.09959465e+00 
 2.88403150e+06  4.11975972e+00  2.88403150e+06 -1.12176916e+00 
 2.95120923e+06  4.04335729e+00  2.95120923e+06 -1.14426673e+00 
 3.01995172e+06  3.96436162e+00  3.01995172e+06 -1.16708583e+00 
 3.09029543e+06  3.88271875e+00  3.09029543e+06 -1.19022457e+00 
 3.16227766e+06  3.79837582e+00  3.16227766e+06 -1.21368079e+00 
 3.23593657e+06  3.71128125e+00  3.23593657e+06 -1.23745197e+00 
 3.31131121e+06  3.62138488e+00  3.31131121e+06 -1.26153530e+00 
 3.38844156e+06  3.52863817e+00  3.38844156e+06 -1.28592762e+00 
 3.46736850e+06  3.43299433e+00  3.46736850e+06 -1.31062547e+00 
 3.54813389e+06  3.33440850e+00  3.54813389e+06 -1.33562505e+00 
 3.63078055e+06  3.23283788e+00  3.63078055e+06 -1.36092222e+00 
 3.71535229e+06  3.12824195e+00  3.71535229e+06 -1.38651255e+00 
 3.80189396e+06  3.02058255e+00  3.80189396e+06 -1.41239127e+00 
 3.89045145e+06  2.90982413e+00  3.89045145e+06 -1.43855329e+00 
 3.98107171e+06  2.79593380e+00  3.98107171e+06 -1.46499321e+00 
 4.07380278e+06  2.67888156e+00  4.07380278e+06 -1.49170532e+00 
 4.16869383e+06  2.55864040e+00  4.16869383e+06 -1.51868362e+00 
 4.26579519e+06  2.43518646e+00  4.26579519e+06 -1.54592177e+00 
 4.36515832e+06  2.30849913e+00  4.36515832e+06 -1.57341320e+00 
 4.46683592e+06  2.17856121e+00  4.46683592e+06 -1.60115100e+00 
 4.57088190e+06  2.04535900e+00  4.57088190e+06 -1.62912802e+00 
 4.67735141e+06  1.90888243e+00  4.67735141e+06 -1.65733682e+00 
 4.78630092e+06  1.76912512e+00  4.78630092e+06 -1.68576972e+00 
 4.89778819e+06  1.62608451e+00  4.89778819e+06 -1.71441879e+00 
 5.01187234e+06  1.47976194e+00  5.01187234e+06 -1.74327584e+00 
 5.12861384e+06  1.33016268e+00  5.12861384e+06 -1.77233248e+00 
 5.24807460e+06  1.17729602e+00  5.24807460e+06 -1.80158008e+00 
 5.37031796e+06  1.02117531e+00  5.37031796e+06 -1.83100982e+00 
 5.49540874e+06  8.61817984e-01  5.49540874e+06 -1.86061266e+00 
 5.62341325e+06  6.99245617e-01  5.62341325e+06 -1.89037940e+00 
 5.75439937e+06  5.33483894e-01  5.75439937e+06 -1.92030064e+00 
 5.88843655e+06  3.64562636e-01  5.88843655e+06 -1.95036685e+00 
 6.02559586e+06  1.92515775e-01  6.02559586e+06 -1.98056833e+00 
 6.16595002e+06  1.73813316e-02  6.16595002e+06 -2.01089522e+00 
 6.30957344e+06 -1.60798625e-01  6.30957344e+06 -2.04133758e+00 
 6.45654229e+06 -3.41978035e-01  6.45654229e+06 -2.07188530e+00 
 6.60693448e+06 -5.26106907e-01  6.60693448e+06 -2.10252821e+00 
 6.76082975e+06 -7.13131408e-01  6.76082975e+06 -2.13325601e+00 
 6.91830971e+06 -9.02993950e-01  6.91830971e+06 -2.16405835e+00 
 7.07945784e+06 -1.09563330e+00  7.07945784e+06 -2.19492478e+00 
 7.24435960e+06 -1.29098469e+00  7.24435960e+06 -2.22584481e+00 
 7.41310241e+06 -1.48897999e+00  7.41310241e+06 -2.25680789e+00 
 7.58577575e+06 -1.68954780e+00  7.58577575e+06 -2.28780345e+00 
 7.76247117e+06 -1.89261363e+00  7.76247117e+06 -2.31882086e+00 
 7.94328235e+06 -2.09810011e+00  7.94328235e+06 -2.34984952e+00 
 8.12830516e+06 -2.30592712e+00  8.12830516e+06 -2.38087878e+00 
 8.31763771e+06 -2.51601200e+00  8.31763771e+06 -2.41189804e+00 
 8.51138038e+06 -2.72826977e+00  8.51138038e+06 -2.44289667e+00 
 8.70963590e+06 -2.94261336e+00  8.70963590e+06 -2.47386412e+00 
 8.91250938e+06 -3.15895378e+00  8.91250938e+06 -2.50478984e+00 
 9.12010839e+06 -3.37720039e+00  9.12010839e+06 -2.53566333e+00 
 9.33254301e+06 -3.59726117e+00  9.33254301e+06 -2.56647419e+00 
 9.54992586e+06 -3.81904289e+00  9.54992586e+06 -2.59721203e+00 
 9.77237221e+06 -4.04245142e+00  9.77237221e+06 -2.62786660e+00 
 1.00000000e+07 -4.26739197e+00  1.00000000e+07 -2.65842770e+00 
