 1.00000000e+03  1.68997043e+01  1.00000000e+03 -1.46001251e-03 
 1.02329299e+03  1.68997040e+01  1.02329299e+03 -1.49402053e-03 
 1.04712855e+03  1.68997036e+01  1.04712855e+03 -1.52882070e-03 
 1.07151931e+03  1.68997032e+01  1.07151931e+03 -1.56443147e-03 
 1.09647820e+03  1.68997028e+01  1.09647820e+03 -1.60087171e-03 
 1.12201845e+03  1.68997024e+01  1.12201845e+03 -1.63816076e-03 
 1.14815362e+03  1.68997019e+01  1.14815362e+03 -1.67631837e-03 
 1.17489755e+03  1.68997014e+01  1.17489755e+03 -1.71536479e-03 
 1.20226443e+03  1.68997010e+01  1.20226443e+03 -1.75532071e-03 
 1.23026877e+03  1.68997004e+01  1.23026877e+03 -1.79620731e-03 
 1.25892541e+03  1.68996999e+01  1.25892541e+03 -1.83804629e-03 
 1.28824955e+03  1.68996993e+01  1.28824955e+03 -1.88085981e-03 
 1.31825674e+03  1.68996988e+01  1.31825674e+03 -1.92467059e-03 
 1.34896288e+03  1.68996981e+01  1.34896288e+03 -1.96950184e-03 
 1.38038426e+03  1.68996975e+01  1.38038426e+03 -2.01537734e-03 
 1.41253754e+03  1.68996968e+01  1.41253754e+03 -2.06232142e-03 
 1.44543977e+03  1.68996961e+01  1.44543977e+03 -2.11035895e-03 
 1.47910839e+03  1.68996954e+01  1.47910839e+03 -2.15951541e-03 
 1.51356125e+03  1.68996946e+01  1.51356125e+03 -2.20981687e-03 
 1.54881662e+03  1.68996938e+01  1.54881662e+03 -2.26128999e-03 
 1.58489319e+03  1.68996929e+01  1.58489319e+03 -2.31396207e-03 
 1.62181010e+03  1.68996921e+01  1.62181010e+03 -2.36786102e-03 
 1.65958691e+03  1.68996911e+01  1.65958691e+03 -2.42301543e-03 
 1.69824365e+03  1.68996901e+01  1.69824365e+03 -2.47945455e-03 
 1.73780083e+03  1.68996891e+01  1.73780083e+03 -2.53720828e-03 
 1.77827941e+03  1.68996881e+01  1.77827941e+03 -2.59630726e-03 
 1.81970086e+03  1.68996869e+01  1.81970086e+03 -2.65678282e-03 
 1.86208714e+03  1.68996858e+01  1.86208714e+03 -2.71866702e-03 
 1.90546072e+03  1.68996845e+01  1.90546072e+03 -2.78199268e-03 
 1.94984460e+03  1.68996832e+01  1.94984460e+03 -2.84679336e-03 
 1.99526231e+03  1.68996819e+01  1.99526231e+03 -2.91310342e-03 
 2.04173794e+03  1.68996805e+01  2.04173794e+03 -2.98095803e-03 
 2.08929613e+03  1.68996790e+01  2.08929613e+03 -3.05039315e-03 
 2.13796209e+03  1.68996775e+01  2.13796209e+03 -3.12144560e-03 
 2.18776162e+03  1.68996758e+01  2.18776162e+03 -3.19415305e-03 
 2.23872114e+03  1.68996741e+01  2.23872114e+03 -3.26855405e-03 
 2.29086765e+03  1.68996724e+01  2.29086765e+03 -3.34468804e-03 
 2.34422882e+03  1.68996705e+01  2.34422882e+03 -3.42259540e-03 
 2.39883292e+03  1.68996686e+01  2.39883292e+03 -3.50231741e-03 
 2.45470892e+03  1.68996665e+01  2.45470892e+03 -3.58389636e-03 
 2.51188643e+03  1.68996644e+01  2.51188643e+03 -3.66737549e-03 
 2.57039578e+03  1.68996622e+01  2.57039578e+03 -3.75279906e-03 
 2.63026799e+03  1.68996598e+01  2.63026799e+03 -3.84021236e-03 
 2.69153480e+03  1.68996574e+01  2.69153480e+03 -3.92966173e-03 
 2.75422870e+03  1.68996548e+01  2.75422870e+03 -4.02119459e-03 
 2.81838293e+03  1.68996521e+01  2.81838293e+03 -4.11485948e-03 
 2.88403150e+03  1.68996493e+01  2.88403150e+03 -4.21070606e-03 
 2.95120923e+03  1.68996464e+01  2.95120923e+03 -4.30878512e-03 
 3.01995172e+03  1.68996433e+01  3.01995172e+03 -4.40914868e-03 
 3.09029543e+03  1.68996400e+01  3.09029543e+03 -4.51184994e-03 
 3.16227766e+03  1.68996367e+01  3.16227766e+03 -4.61694334e-03 
 3.23593657e+03  1.68996331e+01  3.23593657e+03 -4.72448461e-03 
 3.31131121e+03  1.68996294e+01  3.31131121e+03 -4.83453076e-03 
 3.38844156e+03  1.68996255e+01  3.38844156e+03 -4.94714012e-03 
 3.46736850e+03  1.68996214e+01  3.46736850e+03 -5.06237239e-03 
 3.54813389e+03  1.68996172e+01  3.54813389e+03 -5.18028866e-03 
 3.63078055e+03  1.68996127e+01  3.63078055e+03 -5.30095145e-03 
 3.71535229e+03  1.68996081e+01  3.71535229e+03 -5.42442472e-03 
 3.80189396e+03  1.68996032e+01  3.80189396e+03 -5.55077393e-03 
 3.89045145e+03  1.68995980e+01  3.89045145e+03 -5.68006605e-03 
 3.98107171e+03  1.68995927e+01  3.98107171e+03 -5.81236963e-03 
 4.07380278e+03  1.68995871e+01  4.07380278e+03 -5.94775481e-03 
 4.16869383e+03  1.68995812e+01  4.16869383e+03 -6.08629334e-03 
 4.26579519e+03  1.68995750e+01  4.26579519e+03 -6.22805867e-03 
 4.36515832e+03  1.68995686e+01  4.36515832e+03 -6.37312595e-03 
 4.46683592e+03  1.68995618e+01  4.46683592e+03 -6.52157208e-03 
 4.57088190e+03  1.68995548e+01  4.57088190e+03 -6.67347575e-03 
 4.67735141e+03  1.68995474e+01  4.67735141e+03 -6.82891748e-03 
 4.78630092e+03  1.68995396e+01  4.78630092e+03 -6.98797965e-03 
 4.89778819e+03  1.68995315e+01  4.89778819e+03 -7.15074660e-03 
 5.01187234e+03  1.68995230e+01  5.01187234e+03 -7.31730459e-03 
 5.12861384e+03  1.68995141e+01  5.12861384e+03 -7.48774190e-03 
 5.24807460e+03  1.68995048e+01  5.24807460e+03 -7.66214888e-03 
 5.37031796e+03  1.68994950e+01  5.37031796e+03 -7.84061796e-03 
 5.49540874e+03  1.68994848e+01  5.49540874e+03 -8.02324375e-03 
 5.62341325e+03  1.68994741e+01  5.62341325e+03 -8.21012303e-03 
 5.75439937e+03  1.68994629e+01  5.75439937e+03 -8.40135486e-03 
 5.88843655e+03  1.68994512e+01  5.88843655e+03 -8.59704058e-03 
 6.02559586e+03  1.68994389e+01  6.02559586e+03 -8.79728391e-03 
 6.16595002e+03  1.68994260e+01  6.16595002e+03 -9.00219097e-03 
 6.30957344e+03  1.68994126e+01  6.30957344e+03 -9.21187036e-03 
 6.45654229e+03  1.68993985e+01  6.45654229e+03 -9.42643319e-03 
 6.60693448e+03  1.68993837e+01  6.60693448e+03 -9.64599318e-03 
 6.76082975e+03  1.68993682e+01  6.76082975e+03 -9.87066667e-03 
 6.91830971e+03  1.68993520e+01  6.91830971e+03 -1.01005727e-02 
 7.07945784e+03  1.68993351e+01  7.07945784e+03 -1.03358332e-02 
 7.24435960e+03  1.68993173e+01  7.24435960e+03 -1.05765727e-02 
 7.41310241e+03  1.68992987e+01  7.41310241e+03 -1.08229188e-02 
 7.58577575e+03  1.68992793e+01  7.58577575e+03 -1.10750021e-02 
 7.76247117e+03  1.68992589e+01  7.76247117e+03 -1.13329560e-02 
 7.94328235e+03  1.68992375e+01  7.94328235e+03 -1.15969174e-02 
 8.12830516e+03  1.68992152e+01  8.12830516e+03 -1.18670259e-02 
 8.31763771e+03  1.68991918e+01  8.31763771e+03 -1.21434248e-02 
 8.51138038e+03  1.68991673e+01  8.51138038e+03 -1.24262605e-02 
 8.70963590e+03  1.68991416e+01  8.70963590e+03 -1.27156827e-02 
 8.91250938e+03  1.68991147e+01  8.91250938e+03 -1.30118448e-02 
 9.12010839e+03  1.68990866e+01  9.12010839e+03 -1.33149037e-02 
 9.33254301e+03  1.68990571e+01  9.33254301e+03 -1.36250199e-02 
 9.54992586e+03  1.68990263e+01  9.54992586e+03 -1.39423577e-02 
 9.77237221e+03  1.68989940e+01  9.77237221e+03 -1.42670850e-02 
 1.00000000e+04  1.68989601e+01  1.00000000e+04 -1.45993740e-02 
 1.02329299e+04  1.68989247e+01  1.02329299e+04 -1.49394005e-02 
 1.04712855e+04  1.68988876e+01  1.04712855e+04 -1.52873447e-02 
 1.07151931e+04  1.68988488e+01  1.07151931e+04 -1.56433907e-02 
 1.09647820e+04  1.68988081e+01  1.09647820e+04 -1.60077270e-02 
 1.12201845e+04  1.68987655e+01  1.12201845e+04 -1.63805467e-02 
 1.14815362e+04  1.68987209e+01  1.14815362e+04 -1.67620470e-02 
 1.17489755e+04  1.68986742e+01  1.17489755e+04 -1.71524298e-02 
 1.20226443e+04  1.68986253e+01  1.20226443e+04 -1.75519019e-02 
 1.23026877e+04  1.68985742e+01  1.23026877e+04 -1.79606747e-02 
 1.25892541e+04  1.68985205e+01  1.25892541e+04 -1.83789644e-02 
 1.28824955e+04  1.68984644e+01  1.28824955e+04 -1.88069925e-02 
 1.31825674e+04  1.68984056e+01  1.31825674e+04 -1.92449854e-02 
 1.34896288e+04  1.68983441e+01  1.34896288e+04 -1.96931749e-02 
 1.38038426e+04  1.68982796e+01  1.38038426e+04 -2.01517981e-02 
 1.41253754e+04  1.68982121e+01  1.41253754e+04 -2.06210976e-02 
 1.44543977e+04  1.68981415e+01  1.44543977e+04 -2.11013216e-02 
 1.47910839e+04  1.68980675e+01  1.47910839e+04 -2.15927240e-02 
 1.51356125e+04  1.68979900e+01  1.51356125e+04 -2.20955648e-02 
 1.54881662e+04  1.68979089e+01  1.54881662e+04 -2.26101098e-02 
 1.58489319e+04  1.68978239e+01  1.58489319e+04 -2.31366311e-02 
 1.62181010e+04  1.68977350e+01  1.62181010e+04 -2.36754068e-02 
 1.65958691e+04  1.68976418e+01  1.65958691e+04 -2.42267219e-02 
 1.69824365e+04  1.68975443e+01  1.69824365e+04 -2.47908676e-02 
 1.73780083e+04  1.68974422e+01  1.73780083e+04 -2.53681420e-02 
 1.77827941e+04  1.68973352e+01  1.77827941e+04 -2.59588500e-02 
 1.81970086e+04  1.68972232e+01  1.81970086e+04 -2.65633037e-02 
 1.86208714e+04  1.68971060e+01  1.86208714e+04 -2.71818222e-02 
 1.90546072e+04  1.68969832e+01  1.90546072e+04 -2.78147321e-02 
 1.94984460e+04  1.68968547e+01  1.94984460e+04 -2.84623675e-02 
 1.99526231e+04  1.68967201e+01  1.99526231e+04 -2.91250701e-02 
 2.04173794e+04  1.68965791e+01  2.04173794e+04 -2.98031898e-02 
 2.08929613e+04  1.68964315e+01  2.08929613e+04 -3.04970841e-02 
 2.13796209e+04  1.68962770e+01  2.13796209e+04 -3.12071190e-02 
 2.18776162e+04  1.68961152e+01  2.18776162e+04 -3.19336689e-02 
 2.23872114e+04  1.68959458e+01  2.23872114e+04 -3.26771169e-02 
 2.29086765e+04  1.68957684e+01  2.29086765e+04 -3.34378546e-02 
 2.34422882e+04  1.68955826e+01  2.34422882e+04 -3.42162829e-02 
 2.39883292e+04  1.68953881e+01  2.39883292e+04 -3.50128116e-02 
 2.45470892e+04  1.68951844e+01  2.45470892e+04 -3.58278603e-02 
 2.51188643e+04  1.68949712e+01  2.51188643e+04 -3.66618578e-02 
 2.57039578e+04  1.68947479e+01  2.57039578e+04 -3.75152431e-02 
 2.63026799e+04  1.68945141e+01  2.63026799e+04 -3.83884648e-02 
 2.69153480e+04  1.68942693e+01  2.69153480e+04 -3.92819821e-02 
 2.75422870e+04  1.68940129e+01  2.75422870e+04 -4.01962647e-02 
 2.81838293e+04  1.68937445e+01  2.81838293e+04 -4.11317927e-02 
 2.88403150e+04  1.68934635e+01  2.88403150e+04 -4.20890574e-02 
 2.95120923e+04  1.68931693e+01  2.95120923e+04 -4.30685613e-02 
 3.01995172e+04  1.68928612e+01  3.01995172e+04 -4.40708182e-02 
 3.09029543e+04  1.68925386e+01  3.09029543e+04 -4.50963535e-02 
 3.16227766e+04  1.68922008e+01  3.16227766e+04 -4.61457049e-02 
 3.23593657e+04  1.68918471e+01  3.23593657e+04 -4.72194218e-02 
 3.31131121e+04  1.68914768e+01  3.31131121e+04 -4.83180663e-02 
 3.38844156e+04  1.68910891e+01  3.38844156e+04 -4.94422132e-02 
 3.46736850e+04  1.68906831e+01  3.46736850e+04 -5.05924501e-02 
 3.54813389e+04  1.68902581e+01  3.54813389e+04 -5.17693782e-02 
 3.63078055e+04  1.68898131e+01  3.63078055e+04 -5.29736118e-02 
 3.71535229e+04  1.68893471e+01  3.71535229e+04 -5.42057793e-02 
 3.80189396e+04  1.68888592e+01  3.80189396e+04 -5.54665230e-02 
 3.89045145e+04  1.68883484e+01  3.89045145e+04 -5.67564996e-02 
 3.98107171e+04  1.68878136e+01  3.98107171e+04 -5.80763806e-02 
 4.07380278e+04  1.68872537e+01  4.07380278e+04 -5.94268523e-02 
 4.16869383e+04  1.68866674e+01  4.16869383e+04 -6.08086163e-02 
 4.26579519e+04  1.68860536e+01  4.26579519e+04 -6.22223899e-02 
 4.36515832e+04  1.68854110e+01  4.36515832e+04 -6.36689061e-02 
 4.46683592e+04  1.68847382e+01  4.46683592e+04 -6.51489142e-02 
 4.57088190e+04  1.68840338e+01  4.57088190e+04 -6.66631799e-02 
 4.67735141e+04  1.68832963e+01  4.67735141e+04 -6.82124859e-02 
 4.78630092e+04  1.68825242e+01  4.78630092e+04 -6.97976318e-02 
 4.89778819e+04  1.68817158e+01  4.89778819e+04 -7.14194348e-02 
 5.01187234e+04  1.68808695e+01  5.01187234e+04 -7.30787299e-02 
 5.12861384e+04  1.68799835e+01  5.12861384e+04 -7.47763701e-02 
 5.24807460e+04  1.68790560e+01  5.24807460e+04 -7.65132269e-02 
 5.37031796e+04  1.68780849e+01  5.37031796e+04 -7.82901907e-02 
 5.49540874e+04  1.68770683e+01  5.49540874e+04 -8.01081708e-02 
 5.62341325e+04  1.68760041e+01  5.62341325e+04 -8.19680959e-02 
 5.75439937e+04  1.68748899e+01  5.75439937e+04 -8.38709146e-02 
 5.88843655e+04  1.68737236e+01  5.88843655e+04 -8.58175956e-02 
 6.02559586e+04  1.68725026e+01  6.02559586e+04 -8.78091280e-02 
 6.16595002e+04  1.68712245e+01  6.16595002e+04 -8.98465214e-02 
 6.30957344e+04  1.68698865e+01  6.30957344e+04 -9.19308067e-02 
 6.45654229e+04  1.68684859e+01  6.45654229e+04 -9.40630361e-02 
 6.60693448e+04  1.68670198e+01  6.60693448e+04 -9.62442836e-02 
 6.76082975e+04  1.68654852e+01  6.76082975e+04 -9.84756450e-02 
 6.91830971e+04  1.68638787e+01  6.91830971e+04 -1.00758239e-01 
 7.07945784e+04  1.68621972e+01  7.07945784e+04 -1.03093205e-01 
 7.24435960e+04  1.68604372e+01  7.24435960e+04 -1.05481708e-01 
 7.41310241e+04  1.68585950e+01  7.41310241e+04 -1.07924935e-01 
 7.58577575e+04  1.68566667e+01  7.58577575e+04 -1.10424095e-01 
 7.76247117e+04  1.68546486e+01  7.76247117e+04 -1.12980423e-01 
 7.94328235e+04  1.68525363e+01  7.94328235e+04 -1.15595177e-01 
 8.12830516e+04  1.68503255e+01  8.12830516e+04 -1.18269639e-01 
 8.31763771e+04  1.68480118e+01  8.31763771e+04 -1.21005114e-01 
 8.51138038e+04  1.68455904e+01  8.51138038e+04 -1.23802935e-01 
 8.70963590e+04  1.68430563e+01  8.70963590e+04 -1.26664456e-01 
 8.91250938e+04  1.68404043e+01  8.91250938e+04 -1.29591059e-01 
 9.12010839e+04  1.68376291e+01  9.12010839e+04 -1.32584149e-01 
 9.33254301e+04  1.68347250e+01  9.33254301e+04 -1.35645156e-01 
 9.54992586e+04  1.68316861e+01  9.54992586e+04 -1.38775536e-01 
 9.77237221e+04  1.68285062e+01  9.77237221e+04 -1.41976771e-01 
 1.00000000e+05  1.68251790e+01  1.00000000e+05 -1.45250367e-01 
 1.02329299e+05  1.68216977e+01  1.02329299e+05 -1.48597854e-01 
 1.04712855e+05  1.68180553e+01  1.04712855e+05 -1.52020790e-01 
 1.07151931e+05  1.68142446e+01  1.07151931e+05 -1.55520755e-01 
 1.09647820e+05  1.68102578e+01  1.09647820e+05 -1.59099357e-01 
 1.12201845e+05  1.68060870e+01  1.12201845e+05 -1.62758225e-01 
 1.14815362e+05  1.68017240e+01  1.14815362e+05 -1.66499014e-01 
 1.17489755e+05  1.67971600e+01  1.17489755e+05 -1.70323405e-01 
 1.20226443e+05  1.67923861e+01  1.20226443e+05 -1.74233098e-01 
 1.23026877e+05  1.67873927e+01  1.23026877e+05 -1.78229821e-01 
 1.25892541e+05  1.67821702e+01  1.25892541e+05 -1.82315320e-01 
 1.28824955e+05  1.67767083e+01  1.28824955e+05 -1.86491367e-01 
 1.31825674e+05  1.67709963e+01  1.31825674e+05 -1.90759752e-01 
 1.34896288e+05  1.67650231e+01  1.34896288e+05 -1.95122287e-01 
 1.38038426e+05  1.67587773e+01  1.38038426e+05 -1.99580805e-01 
 1.41253754e+05  1.67522466e+01  1.41253754e+05 -2.04137154e-01 
 1.44543977e+05  1.67454187e+01  1.44543977e+05 -2.08793203e-01 
 1.47910839e+05  1.67382805e+01  1.47910839e+05 -2.13550835e-01 
 1.51356125e+05  1.67308183e+01  1.51356125e+05 -2.18411949e-01 
 1.54881662e+05  1.67230182e+01  1.54881662e+05 -2.23378459e-01 
 1.58489319e+05  1.67148655e+01  1.58489319e+05 -2.28452288e-01 
 1.62181010e+05  1.67063449e+01  1.62181010e+05 -2.33635372e-01 
 1.65958691e+05  1.66974406e+01  1.65958691e+05 -2.38929655e-01 
 1.69824365e+05  1.66881362e+01  1.69824365e+05 -2.44337087e-01 
 1.73780083e+05  1.66784145e+01  1.73780083e+05 -2.49859622e-01 
 1.77827941e+05  1.66682579e+01  1.77827941e+05 -2.55499217e-01 
 1.81970086e+05  1.66576480e+01  1.81970086e+05 -2.61257830e-01 
 1.86208714e+05  1.66465658e+01  1.86208714e+05 -2.67137413e-01 
 1.90546072e+05  1.66349914e+01  1.90546072e+05 -2.73139916e-01 
 1.94984460e+05  1.66229046e+01  1.94984460e+05 -2.79267276e-01 
 1.99526231e+05  1.66102840e+01  1.99526231e+05 -2.85521423e-01 
 2.04173794e+05  1.65971077e+01  2.04173794e+05 -2.91904267e-01 
 2.08929613e+05  1.65833531e+01  2.08929613e+05 -2.98417702e-01 
 2.13796209e+05  1.65689968e+01  2.13796209e+05 -3.05063600e-01 
 2.18776162e+05  1.65540145e+01  2.18776162e+05 -3.11843803e-01 
 2.23872114e+05  1.65383813e+01  2.23872114e+05 -3.18760127e-01 
 2.29086765e+05  1.65220713e+01  2.29086765e+05 -3.25814348e-01 
 2.34422882e+05  1.65050579e+01  2.34422882e+05 -3.33008206e-01 
 2.39883292e+05  1.64873138e+01  2.39883292e+05 -3.40343394e-01 
 2.45470892e+05  1.64688107e+01  2.45470892e+05 -3.47821556e-01 
 2.51188643e+05  1.64495196e+01  2.51188643e+05 -3.55444283e-01 
 2.57039578e+05  1.64294107e+01  2.57039578e+05 -3.63213103e-01 
 2.63026799e+05  1.64084533e+01  2.63026799e+05 -3.71129479e-01 
 2.69153480e+05  1.63866158e+01  2.69153480e+05 -3.79194804e-01 
 2.75422870e+05  1.63638662e+01  2.75422870e+05 -3.87410391e-01 
 2.81838293e+05  1.63401713e+01  2.81838293e+05 -3.95777470e-01 
 2.88403150e+05  1.63154973e+01  2.88403150e+05 -4.04297183e-01 
 2.95120923e+05  1.62898096e+01  2.95120923e+05 -4.12970572e-01 
 3.01995172e+05  1.62630729e+01  3.01995172e+05 -4.21798580e-01 
 3.09029543e+05  1.62352513e+01  3.09029543e+05 -4.30782039e-01 
 3.16227766e+05  1.62063079e+01  3.16227766e+05 -4.39921664e-01 
 3.23593657e+05  1.61762056e+01  3.23593657e+05 -4.49218049e-01 
 3.31131121e+05  1.61449064e+01  3.31131121e+05 -4.58671658e-01 
 3.38844156e+05  1.61123718e+01  3.38844156e+05 -4.68282821e-01 
 3.46736850e+05  1.60785627e+01  3.46736850e+05 -4.78051725e-01 
 3.54813389e+05  1.60434397e+01  3.54813389e+05 -4.87978406e-01 
 3.63078055e+05  1.60069629e+01  3.63078055e+05 -4.98062750e-01 
 3.71535229e+05  1.59690922e+01  3.71535229e+05 -5.08304480e-01 
 3.80189396e+05  1.59297869e+01  3.80189396e+05 -5.18703153e-01 
 3.89045145e+05  1.58890065e+01  3.89045145e+05 -5.29258155e-01 
 3.98107171e+05  1.58467101e+01  3.98107171e+05 -5.39968695e-01 
 4.07380278e+05  1.58028568e+01  4.07380278e+05 -5.50833802e-01 
 4.16869383e+05  1.57574058e+01  4.16869383e+05 -5.61852319e-01 
 4.26579519e+05  1.57103164e+01  4.26579519e+05 -5.73022901e-01 
 4.36515832e+05  1.56615482e+01  4.36515832e+05 -5.84344012e-01 
 4.46683592e+05  1.56110610e+01  4.46683592e+05 -5.95813922e-01 
 4.57088190e+05  1.55588151e+01  4.57088190e+05 -6.07430705e-01 
 4.67735141e+05  1.55047712e+01  4.67735141e+05 -6.19192240e-01 
 4.78630092e+05  1.54488910e+01  4.78630092e+05 -6.31096209e-01 
 4.89778819e+05  1.53911366e+01  4.89778819e+05 -6.43140101e-01 
 5.01187234e+05  1.53314711e+01  5.01187234e+05 -6.55321207e-01 
 5.12861384e+05  1.52698586e+01  5.12861384e+05 -6.67636633e-01 
 5.24807460e+05  1.52062643e+01  5.24807460e+05 -6.80083292e-01 
 5.37031796e+05  1.51406545e+01  5.37031796e+05 -6.92657919e-01 
 5.49540874e+05  1.50729969e+01  5.49540874e+05 -7.05357068e-01 
 5.62341325e+05  1.50032607e+01  5.62341325e+05 -7.18177125e-01 
 5.75439937e+05  1.49314166e+01  5.75439937e+05 -7.31114311e-01 
 5.88843655e+05  1.48574369e+01  5.88843655e+05 -7.44164696e-01 
 6.02559586e+05  1.47812957e+01  6.02559586e+05 -7.57324201e-01 
 6.16595002e+05  1.47029690e+01  6.16595002e+05 -7.70588614e-01 
 6.30957344e+05  1.46224345e+01  6.30957344e+05 -7.83953601e-01 
 6.45654229e+05  1.45396724e+01  6.45654229e+05 -7.97414716e-01 
 6.60693448e+05  1.44546645e+01  6.60693448e+05 -8.10967416e-01 
 6.76082975e+05  1.43673951e+01  6.76082975e+05 -8.24607073e-01 
 6.91830971e+05  1.42778507e+01  6.91830971e+05 -8.38328990e-01 
 7.07945784e+05  1.41860200e+01  7.07945784e+05 -8.52128415e-01 
 7.24435960e+05  1.40918941e+01  7.24435960e+05 -8.66000560e-01 
 7.41310241e+05  1.39954664e+01  7.41310241e+05 -8.79940610e-01 
 7.58577575e+05  1.38967330e+01  7.58577575e+05 -8.93943748e-01 
 7.76247117e+05  1.37956921e+01  7.76247117e+05 -9.08005162e-01 
 7.94328235e+05  1.36923443e+01  7.94328235e+05 -9.22120072e-01 
 8.12830516e+05  1.35866930e+01  8.12830516e+05 -9.36283737e-01 
 8.31763771e+05  1.34787437e+01  8.31763771e+05 -9.50491479e-01 
 8.51138038e+05  1.33685043e+01  8.51138038e+05 -9.64738697e-01 
 8.70963590e+05  1.32559851e+01  8.70963590e+05 -9.79020879e-01 
 8.91250938e+05  1.31411989e+01  8.91250938e+05 -9.93333625e-01 
 9.12010839e+05  1.30241603e+01  9.12010839e+05 -1.00767266e+00 
 9.33254301e+05  1.29048865e+01  9.33254301e+05 -1.02203383e+00 
 9.54992586e+05  1.27833967e+01  9.54992586e+05 -1.03641317e+00 
 9.77237221e+05  1.26597121e+01  9.77237221e+05 -1.05080684e+00 
 1.00000000e+06  1.25338558e+01  1.00000000e+06 -1.06521121e+00 
 1.02329299e+06  1.24058528e+01  1.02329299e+06 -1.07962282e+00 
 1.04712855e+06  1.22757300e+01  1.04712855e+06 -1.09403841e+00 
 1.07151931e+06  1.21435158e+01  1.07151931e+06 -1.10845494e+00 
 1.09647820e+06  1.20092401e+01  1.09647820e+06 -1.12286959e+00 
 1.12201845e+06  1.18729345e+01  1.12201845e+06 -1.13727976e+00 
 1.14815362e+06  1.17346316e+01  1.14815362e+06 -1.15168309e+00 
 1.17489755e+06  1.15943655e+01  1.17489755e+06 -1.16607745e+00 
 1.20226443e+06  1.14521713e+01  1.20226443e+06 -1.18046096e+00 
 1.23026877e+06  1.13080850e+01  1.23026877e+06 -1.19483199e+00 
 1.25892541e+06  1.11621436e+01  1.25892541e+06 -1.20918916e+00 
 1.28824955e+06  1.10143848e+01  1.28824955e+06 -1.22353135e+00 
 1.31825674e+06  1.08648468e+01  1.31825674e+06 -1.23785767e+00 
 1.34896288e+06  1.07135687e+01  1.34896288e+06 -1.25216752e+00 
 1.38038426e+06  1.05605897e+01  1.38038426e+06 -1.26646053e+00 
 1.41253754e+06  1.04059493e+01  1.41253754e+06 -1.28073658e+00 
 1.44543977e+06  1.02496876e+01  1.44543977e+06 -1.29499581e+00 
 1.47910839e+06  1.00918443e+01  1.47910839e+06 -1.30923861e+00 
 1.51356125e+06  9.93245950e+00  1.51356125e+06 -1.32346560e+00 
 1.54881662e+06  9.77157315e+00  1.54881662e+06 -1.33767766e+00 
 1.58489319e+06  9.60922500e+00  1.58489319e+06 -1.35187589e+00 
 1.62181010e+06  9.44545462e+00  1.62181010e+06 -1.36606162e+00 
 1.65958691e+06  9.28030128e+00  1.65958691e+06 -1.38023641e+00 
 1.69824365e+06  9.11380386e+00  1.69824365e+06 -1.39440204e+00 
 1.73780083e+06  8.94600084e+00  1.73780083e+06 -1.40856049e+00 
 1.77827941e+06  8.77693018e+00  1.77827941e+06 -1.42271397e+00 
 1.81970086e+06  8.60662931e+00  1.81970086e+06 -1.43686485e+00 
 1.86208714e+06  8.43513506e+00  1.86208714e+06 -1.45101575e+00 
 1.90546072e+06  8.26248361e+00  1.90546072e+06 -1.46516941e+00 
 1.94984460e+06  8.08871048e+00  1.94984460e+06 -1.47932879e+00 
 1.99526231e+06  7.91385044e+00  1.99526231e+06 -1.49349702e+00 
 2.04173794e+06  7.73793754e+00  2.04173794e+06 -1.50767737e+00 
 2.08929613e+06  7.56100503e+00  2.08929613e+06 -1.52187328e+00 
 2.13796209e+06  7.38308537e+00  2.13796209e+06 -1.53608833e+00 
 2.18776162e+06  7.20421018e+00  2.18776162e+06 -1.55032625e+00 
 2.23872114e+06  7.02441026e+00  2.23872114e+06 -1.56459090e+00 
 2.29086765e+06  6.84371554e+00  2.29086765e+06 -1.57888625e+00 
 2.34422882e+06  6.66215511e+00  2.34422882e+06 -1.59321641e+00 
 2.39883292e+06  6.47975716e+00  2.39883292e+06 -1.60758557e+00 
 2.45470892e+06  6.29654901e+00  2.45470892e+06 -1.62199806e+00 
 2.51188643e+06  6.11255713e+00  2.51188643e+06 -1.63645826e+00 
 2.57039578e+06  5.92780708e+00  2.57039578e+06 -1.65097067e+00 
 2.63026799e+06  5.74232357e+00  2.63026799e+06 -1.66553986e+00 
 2.69153480e+06  5.55613040e+00  2.69153480e+06 -1.68017045e+00 
 2.75422870e+06  5.36925055e+00  2.75422870e+06 -1.69486716e+00 
 2.81838293e+06  5.18170613e+00  2.81838293e+06 -1.70963473e+00 
 2.88403150e+06  4.99351838e+00  2.88403150e+06 -1.72447796e+00 
 2.95120923e+06  4.80470773e+00  2.95120923e+06 -1.73940170e+00 
 3.01995172e+06  4.61529379e+00  3.01995172e+06 -1.75441081e+00 
 3.09029543e+06  4.42529533e+00  3.09029543e+06 -1.76951020e+00 
 3.16227766e+06  4.23473035e+00  3.16227766e+06 -1.78470478e+00 
 3.23593657e+06  4.04361607e+00  3.23593657e+06 -1.79999945e+00 
 3.31131121e+06  3.85196893e+00  3.31131121e+06 -1.81539914e+00 
 3.38844156e+06  3.65980464e+00  3.38844156e+06 -1.83090875e+00 
 3.46736850e+06  3.46713817e+00  3.46736850e+06 -1.84653317e+00 
 3.54813389e+06  3.27398379e+00  3.54813389e+06 -1.86227726e+00 
 3.63078055e+06  3.08035508e+00  3.63078055e+06 -1.87814583e+00 
 3.71535229e+06  2.88626494e+00  3.71535229e+06 -1.89414366e+00 
 3.80189396e+06  2.69172562e+00  3.80189396e+06 -1.91027547e+00 
 3.89045145e+06  2.49674877e+00  3.89045145e+06 -1.92654591e+00 
 3.98107171e+06  2.30134540e+00  3.98107171e+06 -1.94295955e+00 
 4.07380278e+06  2.10552596e+00  4.07380278e+06 -1.95952089e+00 
 4.16869383e+06  1.90930032e+00  4.16869383e+06 -1.97623431e+00 
 4.26579519e+06  1.71267782e+00  4.26579519e+06 -1.99310409e+00 
 4.36515832e+06  1.51566730e+00  4.36515832e+06 -2.01013439e+00 
 4.46683592e+06  1.31827709e+00  4.46683592e+06 -2.02732925e+00 
 4.57088190e+06  1.12051506e+00  4.57088190e+06 -2.04469254e+00 
 4.67735141e+06  9.22388652e-01  4.67735141e+06 -2.06222800e+00 
 4.78630092e+06  7.23904884e-01  4.78630092e+06 -2.07993919e+00 
 4.89778819e+06  5.25070388e-01  4.89778819e+06 -2.09782948e+00 
 5.01187234e+06  3.25891436e-01  5.01187234e+06 -2.11590207e+00 
 5.12861384e+06  1.26373968e-01  5.12861384e+06 -2.13415991e+00 
 5.24807460e+06 -7.34763850e-02  5.24807460e+06 -2.15260578e+00 
 5.37031796e+06 -2.73654266e-01  5.37031796e+06 -2.17124219e+00 
 5.49540874e+06 -4.74154568e-01  5.49540874e+06 -2.19007141e+00 
 5.62341325e+06 -6.74972404e-01  5.62341325e+06 -2.20909545e+00 
 5.75439937e+06 -8.76103077e-01  5.75439937e+06 -2.22831604e+00 
 5.88843655e+06 -1.07754205e+00  5.88843655e+06 -2.24773462e+00 
 6.02559586e+06 -1.27928492e+00  6.02559586e+06 -2.26735233e+00 
 6.16595002e+06 -1.48132738e+00  6.16595002e+06 -2.28716998e+00 
 6.30957344e+06 -1.68366518e+00  6.30957344e+06 -2.30718807e+00 
 6.45654229e+06 -1.88629415e+00  6.45654229e+06 -2.32740674e+00 
 6.60693448e+06 -2.08921008e+00  6.60693448e+06 -2.34782576e+00 
 6.76082975e+06 -2.29240878e+00  6.76082975e+06 -2.36844457e+00 
 6.91830971e+06 -2.49588597e+00  6.91830971e+06 -2.38926219e+00 
 7.07945784e+06 -2.69963732e+00  7.07945784e+06 -2.41027726e+00 
 7.24435960e+06 -2.90365838e+00  7.24435960e+06 -2.43148802e+00 
 7.41310241e+06 -3.10794456e+00  7.41310241e+06 -2.45289230e+00 
 7.58577575e+06 -3.31249111e+00  7.58577575e+06 -2.47448750e+00 
 7.76247117e+06 -3.51729310e+00  7.76247117e+06 -2.49627061e+00 
 7.94328235e+06 -3.72234536e+00  7.94328235e+06 -2.51823817e+00 
 8.12830516e+06 -3.92764250e+00  8.12830516e+06 -2.54038628e+00 
 8.31763771e+06 -4.13317888e+00  8.31763771e+06 -2.56271061e+00 
 8.51138038e+06 -4.33894857e+00  8.51138038e+06 -2.58520637e+00 
 8.70963590e+06 -4.54494534e+00  8.70963590e+06 -2.60786834e+00 
 8.91250938e+06 -4.75116266e+00  8.91250938e+06 -2.63069084e+00 
 9.12010839e+06 -4.95759369e+00  9.12010839e+06 -2.65366777e+00 
 9.33254301e+06 -5.16423123e+00  9.33254301e+06 -2.67679258e+00 
 9.54992586e+06 -5.37106777e+00  9.54992586e+06 -2.70005830e+00 
 9.77237221e+06 -5.57809545e+00  9.77237221e+06 -2.72345752e+00 
 1.00000000e+07 -5.78530606e+00  1.00000000e+07 -2.74698244e+00 
