 1.00000000e+03  9.54091368e+00  1.00000000e+03 -6.28367118e-04 
 1.02329299e+03  9.54091363e+00  1.02329299e+03 -6.43003667e-04 
 1.04712855e+03  9.54091359e+00  1.04712855e+03 -6.57981145e-04 
 1.07151931e+03  9.54091354e+00  1.07151931e+03 -6.73307493e-04 
 1.09647820e+03  9.54091348e+00  1.09647820e+03 -6.88990837e-04 
 1.12201845e+03  9.54091343e+00  1.12201845e+03 -7.05039493e-04 
 1.14815362e+03  9.54091337e+00  1.14815362e+03 -7.21461970e-04 
 1.17489755e+03  9.54091331e+00  1.17489755e+03 -7.38266976e-04 
 1.20226443e+03  9.54091325e+00  1.20226443e+03 -7.55463420e-04 
 1.23026877e+03  9.54091318e+00  1.23026877e+03 -7.73060421e-04 
 1.25892541e+03  9.54091311e+00  1.25892541e+03 -7.91067308e-04 
 1.28824955e+03  9.54091304e+00  1.28824955e+03 -8.09493629e-04 
 1.31825674e+03  9.54091297e+00  1.31825674e+03 -8.28349155e-04 
 1.34896288e+03  9.54091289e+00  1.34896288e+03 -8.47643881e-04 
 1.38038426e+03  9.54091280e+00  1.38038426e+03 -8.67388039e-04 
 1.41253754e+03  9.54091272e+00  1.41253754e+03 -8.87592098e-04 
 1.44543977e+03  9.54091263e+00  1.44543977e+03 -9.08266769e-04 
 1.47910839e+03  9.54091253e+00  1.47910839e+03 -9.29423015e-04 
 1.51356125e+03  9.54091243e+00  1.51356125e+03 -9.51072053e-04 
 1.54881662e+03  9.54091233e+00  1.54881662e+03 -9.73225361e-04 
 1.58489319e+03  9.54091222e+00  1.58489319e+03 -9.95894686e-04 
 1.62181010e+03  9.54091210e+00  1.62181010e+03 -1.01909205e-03 
 1.65958691e+03  9.54091198e+00  1.65958691e+03 -1.04282974e-03 
 1.69824365e+03  9.54091186e+00  1.69824365e+03 -1.06712036e-03 
 1.73780083e+03  9.54091173e+00  1.73780083e+03 -1.09197678e-03 
 1.77827941e+03  9.54091159e+00  1.77827941e+03 -1.11741218e-03 
 1.81970086e+03  9.54091144e+00  1.81970086e+03 -1.14344004e-03 
 1.86208714e+03  9.54091129e+00  1.86208714e+03 -1.17007417e-03 
 1.90546072e+03  9.54091113e+00  1.90546072e+03 -1.19732869e-03 
 1.94984460e+03  9.54091097e+00  1.94984460e+03 -1.22521804e-03 
 1.99526231e+03  9.54091080e+00  1.99526231e+03 -1.25375703e-03 
 2.04173794e+03  9.54091061e+00  2.04173794e+03 -1.28296077e-03 
 2.08929613e+03  9.54091042e+00  2.08929613e+03 -1.31284475e-03 
 2.13796209e+03  9.54091023e+00  2.13796209e+03 -1.34342481e-03 
 2.18776162e+03  9.54091002e+00  2.18776162e+03 -1.37471718e-03 
 2.23872114e+03  9.54090980e+00  2.23872114e+03 -1.40673844e-03 
 2.29086765e+03  9.54090957e+00  2.29086765e+03 -1.43950557e-03 
 2.34422882e+03  9.54090933e+00  2.34422882e+03 -1.47303594e-03 
 2.39883292e+03  9.54090908e+00  2.39883292e+03 -1.50734733e-03 
 2.45470892e+03  9.54090882e+00  2.45470892e+03 -1.54245794e-03 
 2.51188643e+03  9.54090854e+00  2.51188643e+03 -1.57838638e-03 
 2.57039578e+03  9.54090826e+00  2.57039578e+03 -1.61515169e-03 
 2.63026799e+03  9.54090795e+00  2.63026799e+03 -1.65277338e-03 
 2.69153480e+03  9.54090764e+00  2.69153480e+03 -1.69127139e-03 
 2.75422870e+03  9.54090731e+00  2.75422870e+03 -1.73066613e-03 
 2.81838293e+03  9.54090696e+00  2.81838293e+03 -1.77097848e-03 
 2.88403150e+03  9.54090660e+00  2.88403150e+03 -1.81222984e-03 
 2.95120923e+03  9.54090622e+00  2.95120923e+03 -1.85444205e-03 
 3.01995172e+03  9.54090582e+00  3.01995172e+03 -1.89763751e-03 
 3.09029543e+03  9.54090541e+00  3.09029543e+03 -1.94183912e-03 
 3.16227766e+03  9.54090497e+00  3.16227766e+03 -1.98707032e-03 
 3.23593657e+03  9.54090452e+00  3.23593657e+03 -2.03335508e-03 
 3.31131121e+03  9.54090404e+00  3.31131121e+03 -2.08071795e-03 
 3.38844156e+03  9.54090354e+00  3.38844156e+03 -2.12918403e-03 
 3.46736850e+03  9.54090302e+00  3.46736850e+03 -2.17877903e-03 
 3.54813389e+03  9.54090247e+00  3.54813389e+03 -2.22952925e-03 
 3.63078055e+03  9.54090189e+00  3.63078055e+03 -2.28146158e-03 
 3.71535229e+03  9.54090129e+00  3.71535229e+03 -2.33460357e-03 
 3.80189396e+03  9.54090066e+00  3.80189396e+03 -2.38898339e-03 
 3.89045145e+03  9.54090000e+00  3.89045145e+03 -2.44462987e-03 
 3.98107171e+03  9.54089931e+00  3.98107171e+03 -2.50157251e-03 
 4.07380278e+03  9.54089859e+00  4.07380278e+03 -2.55984152e-03 
 4.16869383e+03  9.54089784e+00  4.16869383e+03 -2.61946777e-03 
 4.26579519e+03  9.54089704e+00  4.26579519e+03 -2.68048289e-03 
 4.36515832e+03  9.54089621e+00  4.36515832e+03 -2.74291923e-03 
 4.46683592e+03  9.54089534e+00  4.46683592e+03 -2.80680989e-03 
 4.57088190e+03  9.54089443e+00  4.57088190e+03 -2.87218874e-03 
 4.67735141e+03  9.54089348e+00  4.67735141e+03 -2.93909045e-03 
 4.78630092e+03  9.54089248e+00  4.78630092e+03 -3.00755049e-03 
 4.89778819e+03  9.54089144e+00  4.89778819e+03 -3.07760516e-03 
 5.01187234e+03  9.54089035e+00  5.01187234e+03 -3.14929160e-03 
 5.12861384e+03  9.54088920e+00  5.12861384e+03 -3.22264781e-03 
 5.24807460e+03  9.54088800e+00  5.24807460e+03 -3.29771270e-03 
 5.37031796e+03  9.54088675e+00  5.37031796e+03 -3.37452606e-03 
 5.49540874e+03  9.54088543e+00  5.49540874e+03 -3.45312861e-03 
 5.62341325e+03  9.54088405e+00  5.62341325e+03 -3.53356203e-03 
 5.75439937e+03  9.54088261e+00  5.75439937e+03 -3.61586896e-03 
 5.88843655e+03  9.54088110e+00  5.88843655e+03 -3.70009305e-03 
 6.02559586e+03  9.54087952e+00  6.02559586e+03 -3.78627895e-03 
 6.16595002e+03  9.54087787e+00  6.16595002e+03 -3.87447235e-03 
 6.30957344e+03  9.54087613e+00  6.30957344e+03 -3.96472002e-03 
 6.45654229e+03  9.54087432e+00  6.45654229e+03 -4.05706979e-03 
 6.60693448e+03  9.54087242e+00  6.60693448e+03 -4.15157064e-03 
 6.76082975e+03  9.54087043e+00  6.76082975e+03 -4.24827266e-03 
 6.91830971e+03  9.54086834e+00  6.91830971e+03 -4.34722713e-03 
 7.07945784e+03  9.54086616e+00  7.07945784e+03 -4.44848650e-03 
 7.24435960e+03  9.54086388e+00  7.24435960e+03 -4.55210447e-03 
 7.41310241e+03  9.54086148e+00  7.41310241e+03 -4.65813598e-03 
 7.58577575e+03  9.54085898e+00  7.58577575e+03 -4.76663722e-03 
 7.76247117e+03  9.54085635e+00  7.76247117e+03 -4.87766574e-03 
 7.94328235e+03  9.54085361e+00  7.94328235e+03 -4.99128039e-03 
 8.12830516e+03  9.54085073e+00  8.12830516e+03 -5.10754141e-03 
 8.31763771e+03  9.54084772e+00  8.31763771e+03 -5.22651044e-03 
 8.51138038e+03  9.54084456e+00  8.51138038e+03 -5.34825054e-03 
 8.70963590e+03  9.54084126e+00  8.70963590e+03 -5.47282627e-03 
 8.91250938e+03  9.54083780e+00  8.91250938e+03 -5.60030367e-03 
 9.12010839e+03  9.54083418e+00  9.12010839e+03 -5.73075032e-03 
 9.33254301e+03  9.54083039e+00  9.33254301e+03 -5.86423538e-03 
 9.54992586e+03  9.54082642e+00  9.54992586e+03 -6.00082961e-03 
 9.77237221e+03  9.54082226e+00  9.77237221e+03 -6.14060544e-03 
 1.00000000e+04  9.54081790e+00  1.00000000e+04 -6.28363696e-03 
 1.02329299e+04  9.54081335e+00  1.02329299e+04 -6.43000000e-03 
 1.04712855e+04  9.54080857e+00  1.04712855e+04 -6.57977215e-03 
 1.07151931e+04  9.54080357e+00  1.07151931e+04 -6.73303282e-03 
 1.09647820e+04  9.54079834e+00  1.09647820e+04 -6.88986325e-03 
 1.12201845e+04  9.54079286e+00  1.12201845e+04 -7.05034659e-03 
 1.14815362e+04  9.54078712e+00  1.14815362e+04 -7.21456790e-03 
 1.17489755e+04  9.54078111e+00  1.17489755e+04 -7.38261425e-03 
 1.20226443e+04  9.54077481e+00  1.20226443e+04 -7.55457472e-03 
 1.23026877e+04  9.54076822e+00  1.23026877e+04 -7.73054048e-03 
 1.25892541e+04  9.54076132e+00  1.25892541e+04 -7.91060479e-03 
 1.28824955e+04  9.54075410e+00  1.28824955e+04 -8.09486312e-03 
 1.31825674e+04  9.54074653e+00  1.31825674e+04 -8.28341314e-03 
 1.34896288e+04  9.54073861e+00  1.34896288e+04 -8.47635480e-03 
 1.38038426e+04  9.54073031e+00  1.38038426e+04 -8.67379038e-03 
 1.41253754e+04  9.54072162e+00  1.41253754e+04 -8.87582452e-03 
 1.44543977e+04  9.54071253e+00  1.44543977e+04 -9.08256434e-03 
 1.47910839e+04  9.54070300e+00  1.47910839e+04 -9.29411940e-03 
 1.51356125e+04  9.54069303e+00  1.51356125e+04 -9.51060186e-03 
 1.54881662e+04  9.54068258e+00  1.54881662e+04 -9.73212646e-03 
 1.58489319e+04  9.54067165e+00  1.58489319e+04 -9.95881061e-03 
 1.62181010e+04  9.54066019e+00  1.62181010e+04 -1.01907745e-02 
 1.65958691e+04  9.54064820e+00  1.65958691e+04 -1.04281410e-02 
 1.69824365e+04  9.54063564e+00  1.69824365e+04 -1.06710360e-02 
 1.73780083e+04  9.54062250e+00  1.73780083e+04 -1.09195882e-02 
 1.77827941e+04  9.54060873e+00  1.77827941e+04 -1.11739293e-02 
 1.81970086e+04  9.54059431e+00  1.81970086e+04 -1.14341942e-02 
 1.86208714e+04  9.54057921e+00  1.86208714e+04 -1.17005207e-02 
 1.90546072e+04  9.54056341e+00  1.90546072e+04 -1.19730501e-02 
 1.94984460e+04  9.54054685e+00  1.94984460e+04 -1.22519267e-02 
 1.99526231e+04  9.54052952e+00  1.99526231e+04 -1.25372984e-02 
 2.04173794e+04  9.54051137e+00  2.04173794e+04 -1.28293164e-02 
 2.08929613e+04  9.54049237e+00  2.08929613e+04 -1.31281353e-02 
 2.13796209e+04  9.54047247e+00  2.13796209e+04 -1.34339137e-02 
 2.18776162e+04  9.54045163e+00  2.18776162e+04 -1.37468135e-02 
 2.23872114e+04  9.54042981e+00  2.23872114e+04 -1.40670004e-02 
 2.29086765e+04  9.54040696e+00  2.29086765e+04 -1.43946442e-02 
 2.34422882e+04  9.54038303e+00  2.34422882e+04 -1.47299185e-02 
 2.39883292e+04  9.54035798e+00  2.39883292e+04 -1.50730009e-02 
 2.45470892e+04  9.54033175e+00  2.45470892e+04 -1.54240732e-02 
 2.51188643e+04  9.54030428e+00  2.51188643e+04 -1.57833214e-02 
 2.57039578e+04  9.54027552e+00  2.57039578e+04 -1.61509358e-02 
 2.63026799e+04  9.54024540e+00  2.63026799e+04 -1.65271111e-02 
 2.69153480e+04  9.54021386e+00  2.69153480e+04 -1.69120466e-02 
 2.75422870e+04  9.54018083e+00  2.75422870e+04 -1.73059463e-02 
 2.81838293e+04  9.54014625e+00  2.81838293e+04 -1.77090187e-02 
 2.88403150e+04  9.54011004e+00  2.88403150e+04 -1.81214774e-02 
 2.95120923e+04  9.54007213e+00  2.95120923e+04 -1.85435409e-02 
 3.01995172e+04  9.54003242e+00  3.01995172e+04 -1.89754326e-02 
 3.09029543e+04  9.53999085e+00  3.09029543e+04 -1.94173813e-02 
 3.16227766e+04  9.53994732e+00  3.16227766e+04 -1.98696210e-02 
 3.23593657e+04  9.53990173e+00  3.23593657e+04 -2.03323912e-02 
 3.31131121e+04  9.53985400e+00  3.31131121e+04 -2.08059370e-02 
 3.38844156e+04  9.53980402e+00  3.38844156e+04 -2.12905090e-02 
 3.46736850e+04  9.53975169e+00  3.46736850e+04 -2.17863638e-02 
 3.54813389e+04  9.53969688e+00  3.54813389e+04 -2.22937640e-02 
 3.63078055e+04  9.53963950e+00  3.63078055e+04 -2.28129780e-02 
 3.71535229e+04  9.53957941e+00  3.71535229e+04 -2.33442807e-02 
 3.80189396e+04  9.53951650e+00  3.80189396e+04 -2.38879534e-02 
 3.89045145e+04  9.53945062e+00  3.89045145e+04 -2.44442837e-02 
 3.98107171e+04  9.53938163e+00  3.98107171e+04 -2.50135661e-02 
 4.07380278e+04  9.53930939e+00  4.07380278e+04 -2.55961018e-02 
 4.16869383e+04  9.53923375e+00  4.16869383e+04 -2.61921989e-02 
 4.26579519e+04  9.53915455e+00  4.26579519e+04 -2.68021729e-02 
 4.36515832e+04  9.53907162e+00  4.36515832e+04 -2.74263463e-02 
 4.46683592e+04  9.53898478e+00  4.46683592e+04 -2.80650494e-02 
 4.57088190e+04  9.53889385e+00  4.57088190e+04 -2.87186199e-02 
 4.67735141e+04  9.53879863e+00  4.67735141e+04 -2.93874033e-02 
 4.78630092e+04  9.53869893e+00  4.78630092e+04 -3.00717534e-02 
 4.89778819e+04  9.53859453e+00  4.89778819e+04 -3.07720318e-02 
 5.01187234e+04  9.53848522e+00  5.01187234e+04 -3.14886087e-02 
 5.12861384e+04  9.53837076e+00  5.12861384e+04 -3.22218629e-02 
 5.24807460e+04  9.53825090e+00  5.24807460e+04 -3.29721818e-02 
 5.37031796e+04  9.53812540e+00  5.37031796e+04 -3.37399617e-02 
 5.49540874e+04  9.53799399e+00  5.49540874e+04 -3.45256084e-02 
 5.62341325e+04  9.53785639e+00  5.62341325e+04 -3.53295367e-02 
 5.75439937e+04  9.53771232e+00  5.75439937e+04 -3.61521710e-02 
 5.88843655e+04  9.53756145e+00  5.88843655e+04 -3.69939459e-02 
 6.02559586e+04  9.53740348e+00  6.02559586e+04 -3.78553055e-02 
 6.16595002e+04  9.53723807e+00  6.16595002e+04 -3.87367044e-02 
 6.30957344e+04  9.53706488e+00  6.30957344e+04 -3.96386078e-02 
 6.45654229e+04  9.53688352e+00  6.45654229e+04 -4.05614912e-02 
 6.60693448e+04  9.53669363e+00  6.60693448e+04 -4.15058415e-02 
 6.76082975e+04  9.53649480e+00  6.76082975e+04 -4.24721564e-02 
 6.91830971e+04  9.53628661e+00  6.91830971e+04 -4.34609455e-02 
 7.07945784e+04  9.53606861e+00  7.07945784e+04 -4.44727296e-02 
 7.24435960e+04  9.53584035e+00  7.24435960e+04 -4.55080417e-02 
 7.41310241e+04  9.53560135e+00  7.41310241e+04 -4.65674272e-02 
 7.58577575e+04  9.53535110e+00  7.58577575e+04 -4.76514438e-02 
 7.76247117e+04  9.53508907e+00  7.76247117e+04 -4.87606618e-02 
 7.94328235e+04  9.53481470e+00  7.94328235e+04 -4.98956650e-02 
 8.12830516e+04  9.53452743e+00  8.12830516e+04 -5.10570501e-02 
 8.31763771e+04  9.53422663e+00  8.31763771e+04 -5.22454278e-02 
 8.51138038e+04  9.53391168e+00  8.51138038e+04 -5.34614226e-02 
 8.70963590e+04  9.53358191e+00  8.70963590e+04 -5.47056731e-02 
 8.91250938e+04  9.53323662e+00  8.91250938e+04 -5.59788326e-02 
 9.12010839e+04  9.53287509e+00  9.12010839e+04 -5.72815693e-02 
 9.33254301e+04  9.53249656e+00  9.33254301e+04 -5.86145665e-02 
 9.54992586e+04  9.53210021e+00  9.54992586e+04 -5.99785231e-02 
 9.77237221e+04  9.53168523e+00  9.77237221e+04 -6.13741539e-02 
 1.00000000e+05  9.53125073e+00  1.00000000e+05 -6.28021896e-02 
 1.02329299e+05  9.53079580e+00  1.02329299e+05 -6.42633777e-02 
 1.04712855e+05  9.53031947e+00  1.04712855e+05 -6.57584826e-02 
 1.07151931e+05  9.52982076e+00  1.07151931e+05 -6.72882858e-02 
 1.09647820e+05  9.52929860e+00  1.09647820e+05 -6.88535864e-02 
 1.12201845e+05  9.52875189e+00  1.12201845e+05 -7.04552017e-02 
 1.14815362e+05  9.52817949e+00  1.14815362e+05 -7.20939670e-02 
 1.17489755e+05  9.52758019e+00  1.17489755e+05 -7.37707366e-02 
 1.20226443e+05  9.52695274e+00  1.20226443e+05 -7.54863839e-02 
 1.23026877e+05  9.52629581e+00  1.23026877e+05 -7.72418014e-02 
 1.25892541e+05  9.52560802e+00  1.25892541e+05 -7.90379021e-02 
 1.28824955e+05  9.52488793e+00  1.28824955e+05 -8.08756188e-02 
 1.31825674e+05  9.52413402e+00  1.31825674e+05 -8.27559052e-02 
 1.34896288e+05  9.52334472e+00  1.34896288e+05 -8.46797361e-02 
 1.38038426e+05  9.52251838e+00  1.38038426e+05 -8.66481078e-02 
 1.41253754e+05  9.52165325e+00  1.41253754e+05 -8.86620385e-02 
 1.44543977e+05  9.52074752e+00  1.44543977e+05 -9.07225687e-02 
 1.47910839e+05  9.51979931e+00  1.47910839e+05 -9.28307617e-02 
 1.51356125e+05  9.51880663e+00  1.51356125e+05 -9.49877042e-02 
 1.54881662e+05  9.51776740e+00  1.54881662e+05 -9.71945063e-02 
 1.58489319e+05  9.51667944e+00  1.58489319e+05 -9.94523023e-02 
 1.62181010e+05  9.51554050e+00  1.62181010e+05 -1.01762251e-01 
 1.65958691e+05  9.51434819e+00  1.65958691e+05 -1.04125536e-01 
 1.69824365e+05  9.51310003e+00  1.69824365e+05 -1.06543366e-01 
 1.73780083e+05  9.51179342e+00  1.73780083e+05 -1.09016976e-01 
 1.77827941e+05  9.51042564e+00  1.77827941e+05 -1.11547628e-01 
 1.81970086e+05  9.50899384e+00  1.81970086e+05 -1.14136609e-01 
 1.86208714e+05  9.50749505e+00  1.86208714e+05 -1.16785234e-01 
 1.90546072e+05  9.50592617e+00  1.90546072e+05 -1.19494846e-01 
 1.94984460e+05  9.50428394e+00  1.94984460e+05 -1.22266815e-01 
 1.99526231e+05  9.50256495e+00  1.99526231e+05 -1.25102540e-01 
 2.04173794e+05  9.50076566e+00  2.04173794e+05 -1.28003448e-01 
 2.08929613e+05  9.49888234e+00  2.08929613e+05 -1.30970997e-01 
 2.13796209e+05  9.49691111e+00  2.13796209e+05 -1.34006674e-01 
 2.18776162e+05  9.49484791e+00  2.18776162e+05 -1.37111994e-01 
 2.23872114e+05  9.49268849e+00  2.23872114e+05 -1.40288505e-01 
 2.29086765e+05  9.49042842e+00  2.29086765e+05 -1.43537784e-01 
 2.34422882e+05  9.48806305e+00  2.34422882e+05 -1.46861441e-01 
 2.39883292e+05  9.48558754e+00  2.39883292e+05 -1.50261116e-01 
 2.45470892e+05  9.48299683e+00  2.45470892e+05 -1.53738481e-01 
 2.51188643e+05  9.48028563e+00  2.51188643e+05 -1.57295241e-01 
 2.57039578e+05  9.47744841e+00  2.57039578e+05 -1.60933132e-01 
 2.63026799e+05  9.47447940e+00  2.63026799e+05 -1.64653923e-01 
 2.69153480e+05  9.47137257e+00  2.69153480e+05 -1.68459418e-01 
 2.75422870e+05  9.46812162e+00  2.75422870e+05 -1.72351451e-01 
 2.81838293e+05  9.46471999e+00  2.81838293e+05 -1.76331890e-01 
 2.88403150e+05  9.46116081e+00  2.88403150e+05 -1.80402639e-01 
 2.95120923e+05  9.45743691e+00  2.95120923e+05 -1.84565631e-01 
 3.01995172e+05  9.45354083e+00  3.01995172e+05 -1.88822837e-01 
 3.09029543e+05  9.44946475e+00  3.09029543e+05 -1.93176259e-01 
 3.16227766e+05  9.44520055e+00  3.16227766e+05 -1.97627934e-01 
 3.23593657e+05  9.44073972e+00  3.23593657e+05 -2.02179930e-01 
 3.31131121e+05  9.43607341e+00  3.31131121e+05 -2.06834350e-01 
 3.38844156e+05  9.43119238e+00  3.38844156e+05 -2.11593332e-01 
 3.46736850e+05  9.42608700e+00  3.46736850e+05 -2.16459043e-01 
 3.54813389e+05  9.42074724e+00  3.54813389e+05 -2.21433685e-01 
 3.63078055e+05  9.41516263e+00  3.63078055e+05 -2.26519491e-01 
 3.71535229e+05  9.40932227e+00  3.71535229e+05 -2.31718727e-01 
 3.80189396e+05  9.40321480e+00  3.80189396e+05 -2.37033689e-01 
 3.89045145e+05  9.39682839e+00  3.89045145e+05 -2.42466704e-01 
 3.98107171e+05  9.39015074e+00  3.98107171e+05 -2.48020127e-01 
 4.07380278e+05  9.38316902e+00  4.07380278e+05 -2.53696343e-01 
 4.16869383e+05  9.37586989e+00  4.16869383e+05 -2.59497767e-01 
 4.26579519e+05  9.36823947e+00  4.26579519e+05 -2.65426836e-01 
 4.36515832e+05  9.36026333e+00  4.36515832e+05 -2.71486017e-01 
 4.46683592e+05  9.35192645e+00  4.46683592e+05 -2.77677799e-01 
 4.57088190e+05  9.34321324e+00  4.57088190e+05 -2.84004694e-01 
 4.67735141e+05  9.33410749e+00  4.67735141e+05 -2.90469237e-01 
 4.78630092e+05  9.32459236e+00  4.78630092e+05 -2.97073979e-01 
 4.89778819e+05  9.31465038e+00  4.89778819e+05 -3.03821491e-01 
 5.01187234e+05  9.30426340e+00  5.01187234e+05 -3.10714361e-01 
 5.12861384e+05  9.29341261e+00  5.12861384e+05 -3.17755188e-01 
 5.24807460e+05  9.28207847e+00  5.24807460e+05 -3.24946582e-01 
 5.37031796e+05  9.27024078e+00  5.37031796e+05 -3.32291163e-01 
 5.49540874e+05  9.25787855e+00  5.49540874e+05 -3.39791555e-01 
 5.62341325e+05  9.24497010e+00  5.62341325e+05 -3.47450387e-01 
 5.75439937e+05  9.23149295e+00  5.75439937e+05 -3.55270286e-01 
 5.88843655e+05  9.21742387e+00  5.88843655e+05 -3.63253876e-01 
 6.02559586e+05  9.20273882e+00  6.02559586e+05 -3.71403774e-01 
 6.16595002e+05  9.18741298e+00  6.16595002e+05 -3.79722587e-01 
 6.30957344e+05  9.17142072e+00  6.30957344e+05 -3.88212905e-01 
 6.45654229e+05  9.15473556e+00  6.45654229e+05 -3.96877301e-01 
 6.60693448e+05  9.13733022e+00  6.60693448e+05 -4.05718325e-01 
 6.76082975e+05  9.11917657e+00  6.76082975e+05 -4.14738499e-01 
 6.91830971e+05  9.10024565e+00  6.91830971e+05 -4.23940312e-01 
 7.07945784e+05  9.08050765e+00  7.07945784e+05 -4.33326216e-01 
 7.24435960e+05  9.05993190e+00  7.24435960e+05 -4.42898621e-01 
 7.41310241e+05  9.03848692e+00  7.41310241e+05 -4.52659888e-01 
 7.58577575e+05  9.01614036e+00  7.58577575e+05 -4.62612326e-01 
 7.76247117e+05  8.99285906e+00  7.76247117e+05 -4.72758184e-01 
 7.94328235e+05  8.96860902e+00  7.94328235e+05 -4.83099647e-01 
 8.12830516e+05  8.94335547e+00  8.12830516e+05 -4.93638829e-01 
 8.31763771e+05  8.91706281e+00  8.31763771e+05 -5.04377766e-01 
 8.51138038e+05  8.88969469e+00  8.51138038e+05 -5.15318413e-01 
 8.70963590e+05  8.86121400e+00  8.70963590e+05 -5.26462634e-01 
 8.91250938e+05  8.83158294e+00  8.91250938e+05 -5.37812198e-01 
 9.12010839e+05  8.80076300e+00  9.12010839e+05 -5.49368772e-01 
 9.33254301e+05  8.76871503e+00  9.33254301e+05 -5.61133914e-01 
 9.54992586e+05  8.73539929e+00  9.54992586e+05 -5.73109070e-01 
 9.77237221e+05  8.70077544e+00  9.77237221e+05 -5.85295561e-01 
 1.00000000e+06  8.66480268e+00  1.00000000e+06 -5.97694585e-01 
 1.02329299e+06  8.62743972e+00  1.02329299e+06 -6.10307206e-01 
 1.04712855e+06  8.58864489e+00  1.04712855e+06 -6.23134348e-01 
 1.07151931e+06  8.54837619e+00  1.07151931e+06 -6.36176794e-01 
 1.09647820e+06  8.50659137e+00  1.09647820e+06 -6.49435175e-01 
 1.12201845e+06  8.46324797e+00  1.12201845e+06 -6.62909970e-01 
 1.14815362e+06  8.41830346e+00  1.14815362e+06 -6.76601500e-01 
 1.17489755e+06  8.37171528e+00  1.17489755e+06 -6.90509924e-01 
 1.20226443e+06  8.32344091e+00  1.20226443e+06 -7.04635233e-01 
 1.23026877e+06  8.27343804e+00  1.23026877e+06 -7.18977254e-01 
 1.25892541e+06  8.22166459e+00  1.25892541e+06 -7.33535640e-01 
 1.28824955e+06  8.16807883e+00  1.28824955e+06 -7.48309874e-01 
 1.31825674e+06  8.11263951e+00  1.31825674e+06 -7.63299266e-01 
 1.34896288e+06  8.05530594e+00  1.34896288e+06 -7.78502951e-01 
 1.38038426e+06  7.99603810e+00  1.38038426e+06 -7.93919896e-01 
 1.41253754e+06  7.93479677e+00  1.41253754e+06 -8.09548895e-01 
 1.44543977e+06  7.87154360e+00  1.44543977e+06 -8.25388573e-01 
 1.47910839e+06  7.80624127e+00  1.47910839e+06 -8.41437393e-01 
 1.51356125e+06  7.73885356e+00  1.51356125e+06 -8.57693657e-01 
 1.54881662e+06  7.66934548e+00  1.54881662e+06 -8.74155510e-01 
 1.58489319e+06  7.59768337e+00  1.58489319e+06 -8.90820950e-01 
 1.62181010e+06  7.52383502e+00  1.62181010e+06 -9.07687833e-01 
 1.65958691e+06  7.44776973e+00  1.65958691e+06 -9.24753880e-01 
 1.69824365e+06  7.36945848e+00  1.69824365e+06 -9.42016688e-01 
 1.73780083e+06  7.28887394e+00  1.73780083e+06 -9.59473737e-01 
 1.77827941e+06  7.20599062e+00  1.77827941e+06 -9.77122403e-01 
 1.81970086e+06  7.12078493e+00  1.81970086e+06 -9.94959968e-01 
 1.86208714e+06  7.03323524e+00  1.86208714e+06 -1.01298363e+00 
 1.90546072e+06  6.94332198e+00  1.90546072e+06 -1.03119053e+00 
 1.94984460e+06  6.85102764e+00  1.94984460e+06 -1.04957772e+00 
 1.99526231e+06  6.75633691e+00  1.99526231e+06 -1.06814226e+00 
 2.04173794e+06  6.65923662e+00  2.04173794e+06 -1.08688113e+00 
 2.08929613e+06  6.55971585e+00  2.08929613e+06 -1.10579133e+00 
 2.13796209e+06  6.45776591e+00  2.13796209e+06 -1.12486984e+00 
 2.18776162e+06  6.35338035e+00  2.18776162e+06 -1.14411366e+00 
 2.23872114e+06  6.24655498e+00  2.23872114e+06 -1.16351982e+00 
 2.29086765e+06  6.13728788e+00  2.29086765e+06 -1.18308539e+00 
 2.34422882e+06  6.02557931e+00  2.34422882e+06 -1.20280749e+00 
 2.39883292e+06  5.91143175e+00  2.39883292e+06 -1.22268331e+00 
 2.45470892e+06  5.79484985e+00  2.45470892e+06 -1.24271013e+00 
 2.51188643e+06  5.67584033e+00  2.51188643e+06 -1.26288532e+00 
 2.57039578e+06  5.55441201e+00  2.57039578e+06 -1.28320634e+00 
 2.63026799e+06  5.43057566e+00  2.63026799e+06 -1.30367079e+00 
 2.69153480e+06  5.30434400e+00  2.69153480e+06 -1.32427636e+00 
 2.75422870e+06  5.17573156e+00  2.75422870e+06 -1.34502090e+00 
 2.81838293e+06  5.04475464e+00  2.81838293e+06 -1.36590239e+00 
 2.88403150e+06  4.91143120e+00  2.88403150e+06 -1.38691897e+00 
 2.95120923e+06  4.77578077e+00  2.95120923e+06 -1.40806890e+00 
 3.01995172e+06  4.63782435e+00  3.01995172e+06 -1.42935063e+00 
 3.09029543e+06  4.49758429e+00  3.09029543e+06 -1.45076273e+00 
 3.16227766e+06  4.35508422e+00  3.16227766e+06 -1.47230396e+00 
 3.23593657e+06  4.21034893e+00  3.23593657e+06 -1.49397323e+00 
 3.31131121e+06  4.06340425e+00  3.31131121e+06 -1.51576960e+00 
 3.38844156e+06  3.91427697e+00  3.38844156e+06 -1.53769227e+00 
 3.46736850e+06  3.76299471e+00  3.46736850e+06 -1.55974061e+00 
 3.54813389e+06  3.60958586e+00  3.54813389e+06 -1.58191414e+00 
 3.63078055e+06  3.45407942e+00  3.63078055e+06 -1.60421247e+00 
 3.71535229e+06  3.29650498e+00  3.71535229e+06 -1.62663540e+00 
 3.80189396e+06  3.13689254e+00  3.80189396e+06 -1.64918279e+00 
 3.89045145e+06  2.97527251e+00  3.89045145e+06 -1.67185465e+00 
 3.98107171e+06  2.81167558e+00  3.98107171e+06 -1.69465106e+00 
 4.07380278e+06  2.64613266e+00  4.07380278e+06 -1.71757219e+00 
 4.16869383e+06  2.47867480e+00  4.16869383e+06 -1.74061828e+00 
 4.26579519e+06  2.30933313e+00  4.26579519e+06 -1.76378963e+00 
 4.36515832e+06  2.13813884e+00  4.36515832e+06 -1.78708655e+00 
 4.46683592e+06  1.96512307e+00  4.46683592e+06 -1.81050940e+00 
 4.57088190e+06  1.79031690e+00  4.57088190e+06 -1.83405854e+00 
 4.67735141e+06  1.61375134e+00  4.67735141e+06 -1.85773430e+00 
 4.78630092e+06  1.43545725e+00  4.78630092e+06 -1.88153700e+00 
 4.89778819e+06  1.25546537e+00  4.89778819e+06 -1.90546690e+00 
 5.01187234e+06  1.07380628e+00  5.01187234e+06 -1.92952418e+00 
 5.12861384e+06  8.90510396e-01  5.12861384e+06 -1.95370895e+00 
 5.24807460e+06  7.05607986e-01  5.24807460e+06 -1.97802120e+00 
 5.37031796e+06  5.19129166e-01  5.37031796e+06 -2.00246079e+00 
 5.49540874e+06  3.31103918e-01  5.49540874e+06 -2.02702744e+00 
 5.62341325e+06  1.41562109e-01  5.62341325e+06 -2.05172071e+00 
 5.75439937e+06 -4.94664789e-02  5.75439937e+06 -2.07653996e+00 
 5.88843655e+06 -2.41952122e-01  5.88843655e+06 -2.10148436e+00 
 6.02559586e+06 -4.35865116e-01  6.02559586e+06 -2.12655286e+00 
 6.16595002e+06 -6.31175742e-01  6.16595002e+06 -2.15174415e+00 
 6.30957344e+06 -8.27854215e-01  6.30957344e+06 -2.17705669e+00 
 6.45654229e+06 -1.02587065e+00  6.45654229e+06 -2.20248866e+00 
 6.60693448e+06 -1.22519500e+00  6.60693448e+06 -2.22803795e+00 
 6.76082975e+06 -1.42579703e+00  6.76082975e+06 -2.25370217e+00 
 6.91830971e+06 -1.62764624e+00  6.91830971e+06 -2.27947859e+00 
 7.07945784e+06 -1.83071184e+00  7.07945784e+06 -2.30536417e+00 
 7.24435960e+06 -2.03496269e+00  7.24435960e+06 -2.33135555e+00 
 7.41310241e+06 -2.24036725e+00  7.41310241e+06 -2.35744900e+00 
 7.58577575e+06 -2.44689355e+00  7.58577575e+06 -2.38364047e+00 
 7.76247117e+06 -2.65450914e+00  7.76247117e+06 -2.40992554e+00 
 7.94328235e+06 -2.86318105e+00  7.94328235e+06 -2.43629942e+00 
 8.12830516e+06 -3.07287579e+00  8.12830516e+06 -2.46275700e+00 
 8.31763771e+06 -3.28355928e+00  8.31763771e+06 -2.48929276e+00 
 8.51138038e+06 -3.49519684e+00  8.51138038e+06 -2.51590086e+00 
 8.70963590e+06 -3.70775322e+00  8.70963590e+06 -2.54257508e+00 
 8.91250938e+06 -3.92119252e+00  8.91250938e+06 -2.56930886e+00 
 9.12010839e+06 -4.13547828e+00  9.12010839e+06 -2.59609531e+00 
 9.33254301e+06 -4.35057340e+00  9.33254301e+06 -2.62292718e+00 
 9.54992586e+06 -4.56644023e+00  9.54992586e+06 -2.64979691e+00 
 9.77237221e+06 -4.78304056e+00  9.77237221e+06 -2.67669663e+00 
 1.00000000e+07 -5.00033566e+00  1.00000000e+07 -2.70361819e+00 
