 1.00000000e+03  1.39775169e+01  1.00000000e+03 -1.04420765e-03 
 1.02329299e+03  1.39775167e+01  1.02329299e+03 -1.06853036e-03 
 1.04712855e+03  1.39775165e+01  1.04712855e+03 -1.09341961e-03 
 1.07151931e+03  1.39775164e+01  1.07151931e+03 -1.11888862e-03 
 1.09647820e+03  1.39775162e+01  1.09647820e+03 -1.14495086e-03 
 1.12201845e+03  1.39775160e+01  1.12201845e+03 -1.17162018e-03 
 1.14815362e+03  1.39775158e+01  1.14815362e+03 -1.19891070e-03 
 1.17489755e+03  1.39775155e+01  1.17489755e+03 -1.22683690e-03 
 1.20226443e+03  1.39775153e+01  1.20226443e+03 -1.25541359e-03 
 1.23026877e+03  1.39775151e+01  1.23026877e+03 -1.28465591e-03 
 1.25892541e+03  1.39775148e+01  1.25892541e+03 -1.31457937e-03 
 1.28824955e+03  1.39775146e+01  1.28824955e+03 -1.34519983e-03 
 1.31825674e+03  1.39775143e+01  1.31825674e+03 -1.37653353e-03 
 1.34896288e+03  1.39775140e+01  1.34896288e+03 -1.40859709e-03 
 1.38038426e+03  1.39775137e+01  1.38038426e+03 -1.44140751e-03 
 1.41253754e+03  1.39775134e+01  1.41253754e+03 -1.47498217e-03 
 1.44543977e+03  1.39775131e+01  1.44543977e+03 -1.50933889e-03 
 1.47910839e+03  1.39775127e+01  1.47910839e+03 -1.54449587e-03 
 1.51356125e+03  1.39775124e+01  1.51356125e+03 -1.58047176e-03 
 1.54881662e+03  1.39775120e+01  1.54881662e+03 -1.61728564e-03 
 1.58489319e+03  1.39775116e+01  1.58489319e+03 -1.65495702e-03 
 1.62181010e+03  1.39775112e+01  1.62181010e+03 -1.69350587e-03 
 1.65958691e+03  1.39775108e+01  1.65958691e+03 -1.73295264e-03 
 1.69824365e+03  1.39775103e+01  1.69824365e+03 -1.77331824e-03 
 1.73780083e+03  1.39775098e+01  1.73780083e+03 -1.81462407e-03 
 1.77827941e+03  1.39775093e+01  1.77827941e+03 -1.85689204e-03 
 1.81970086e+03  1.39775088e+01  1.81970086e+03 -1.90014454e-03 
 1.86208714e+03  1.39775083e+01  1.86208714e+03 -1.94440453e-03 
 1.90546072e+03  1.39775077e+01  1.90546072e+03 -1.98969545e-03 
 1.94984460e+03  1.39775071e+01  1.94984460e+03 -2.03604133e-03 
 1.99526231e+03  1.39775065e+01  1.99526231e+03 -2.08346674e-03 
 2.04173794e+03  1.39775058e+01  2.04173794e+03 -2.13199682e-03 
 2.08929613e+03  1.39775051e+01  2.08929613e+03 -2.18165731e-03 
 2.13796209e+03  1.39775044e+01  2.13796209e+03 -2.23247453e-03 
 2.18776162e+03  1.39775037e+01  2.18776162e+03 -2.28447543e-03 
 2.23872114e+03  1.39775029e+01  2.23872114e+03 -2.33768758e-03 
 2.29086765e+03  1.39775020e+01  2.29086765e+03 -2.39213919e-03 
 2.34422882e+03  1.39775012e+01  2.34422882e+03 -2.44785913e-03 
 2.39883292e+03  1.39775003e+01  2.39883292e+03 -2.50487694e-03 
 2.45470892e+03  1.39774993e+01  2.45470892e+03 -2.56322286e-03 
 2.51188643e+03  1.39774983e+01  2.51188643e+03 -2.62292782e-03 
 2.57039578e+03  1.39774973e+01  2.57039578e+03 -2.68402348e-03 
 2.63026799e+03  1.39774962e+01  2.63026799e+03 -2.74654222e-03 
 2.69153480e+03  1.39774951e+01  2.69153480e+03 -2.81051719e-03 
 2.75422870e+03  1.39774939e+01  2.75422870e+03 -2.87598232e-03 
 2.81838293e+03  1.39774926e+01  2.81838293e+03 -2.94297232e-03 
 2.88403150e+03  1.39774913e+01  2.88403150e+03 -3.01152269e-03 
 2.95120923e+03  1.39774900e+01  2.95120923e+03 -3.08166979e-03 
 3.01995172e+03  1.39774885e+01  3.01995172e+03 -3.15345080e-03 
 3.09029543e+03  1.39774870e+01  3.09029543e+03 -3.22690379e-03 
 3.16227766e+03  1.39774855e+01  3.16227766e+03 -3.30206769e-03 
 3.23593657e+03  1.39774838e+01  3.23593657e+03 -3.37898236e-03 
 3.31131121e+03  1.39774821e+01  3.31131121e+03 -3.45768858e-03 
 3.38844156e+03  1.39774803e+01  3.38844156e+03 -3.53822807e-03 
 3.46736850e+03  1.39774784e+01  3.46736850e+03 -3.62064354e-03 
 3.54813389e+03  1.39774764e+01  3.54813389e+03 -3.70497868e-03 
 3.63078055e+03  1.39774743e+01  3.63078055e+03 -3.79127820e-03 
 3.71535229e+03  1.39774722e+01  3.71535229e+03 -3.87958786e-03 
 3.80189396e+03  1.39774699e+01  3.80189396e+03 -3.96995448e-03 
 3.89045145e+03  1.39774675e+01  3.89045145e+03 -4.06242596e-03 
 3.98107171e+03  1.39774650e+01  3.98107171e+03 -4.15705134e-03 
 4.07380278e+03  1.39774624e+01  4.07380278e+03 -4.25388078e-03 
 4.16869383e+03  1.39774597e+01  4.16869383e+03 -4.35296561e-03 
 4.26579519e+03  1.39774568e+01  4.26579519e+03 -4.45435836e-03 
 4.36515832e+03  1.39774538e+01  4.36515832e+03 -4.55811280e-03 
 4.46683592e+03  1.39774507e+01  4.46683592e+03 -4.66428392e-03 
 4.57088190e+03  1.39774474e+01  4.57088190e+03 -4.77292802e-03 
 4.67735141e+03  1.39774440e+01  4.67735141e+03 -4.88410269e-03 
 4.78630092e+03  1.39774404e+01  4.78630092e+03 -4.99786687e-03 
 4.89778819e+03  1.39774366e+01  4.89778819e+03 -5.11428088e-03 
 5.01187234e+03  1.39774327e+01  5.01187234e+03 -5.23340643e-03 
 5.12861384e+03  1.39774285e+01  5.12861384e+03 -5.35530666e-03 
 5.24807460e+03  1.39774242e+01  5.24807460e+03 -5.48004622e-03 
 5.37031796e+03  1.39774197e+01  5.37031796e+03 -5.60769122e-03 
 5.49540874e+03  1.39774149e+01  5.49540874e+03 -5.73830934e-03 
 5.62341325e+03  1.39774100e+01  5.62341325e+03 -5.87196982e-03 
 5.75439937e+03  1.39774047e+01  5.75439937e+03 -6.00874351e-03 
 5.88843655e+03  1.39773993e+01  5.88843655e+03 -6.14870292e-03 
 6.02559586e+03  1.39773936e+01  6.02559586e+03 -6.29192225e-03 
 6.16595002e+03  1.39773876e+01  6.16595002e+03 -6.43847741e-03 
 6.30957344e+03  1.39773814e+01  6.30957344e+03 -6.58844610e-03 
 6.45654229e+03  1.39773748e+01  6.45654229e+03 -6.74190782e-03 
 6.60693448e+03  1.39773680e+01  6.60693448e+03 -6.89894392e-03 
 6.76082975e+03  1.39773608e+01  6.76082975e+03 -7.05963763e-03 
 6.91830971e+03  1.39773532e+01  6.91830971e+03 -7.22407414e-03 
 7.07945784e+03  1.39773454e+01  7.07945784e+03 -7.39234061e-03 
 7.24435960e+03  1.39773371e+01  7.24435960e+03 -7.56452624e-03 
 7.41310241e+03  1.39773285e+01  7.41310241e+03 -7.74072229e-03 
 7.58577575e+03  1.39773194e+01  7.58577575e+03 -7.92102216e-03 
 7.76247117e+03  1.39773100e+01  7.76247117e+03 -8.10552142e-03 
 7.94328235e+03  1.39773001e+01  7.94328235e+03 -8.29431786e-03 
 8.12830516e+03  1.39772897e+01  8.12830516e+03 -8.48751154e-03 
 8.31763771e+03  1.39772788e+01  8.31763771e+03 -8.68520487e-03 
 8.51138038e+03  1.39772674e+01  8.51138038e+03 -8.88750262e-03 
 8.70963590e+03  1.39772555e+01  8.70963590e+03 -9.09451202e-03 
 8.91250938e+03  1.39772430e+01  8.91250938e+03 -9.30634278e-03 
 9.12010839e+03  1.39772300e+01  9.12010839e+03 -9.52310716e-03 
 9.33254301e+03  1.39772163e+01  9.33254301e+03 -9.74492005e-03 
 9.54992586e+03  1.39772019e+01  9.54992586e+03 -9.97189899e-03 
 9.77237221e+03  1.39771869e+01  9.77237221e+03 -1.02041643e-02 
 1.00000000e+04  1.39771712e+01  1.00000000e+04 -1.04418390e-02 
 1.02329299e+04  1.39771548e+01  1.02329299e+04 -1.06850491e-02 
 1.04712855e+04  1.39771375e+01  1.04712855e+04 -1.09339235e-02 
 1.07151931e+04  1.39771195e+01  1.07151931e+04 -1.11885940e-02 
 1.09647820e+04  1.39771006e+01  1.09647820e+04 -1.14491956e-02 
 1.12201845e+04  1.39770808e+01  1.12201845e+04 -1.17158664e-02 
 1.14815362e+04  1.39770601e+01  1.14815362e+04 -1.19887476e-02 
 1.17489755e+04  1.39770384e+01  1.17489755e+04 -1.22679839e-02 
 1.20226443e+04  1.39770157e+01  1.20226443e+04 -1.25537232e-02 
 1.23026877e+04  1.39769919e+01  1.23026877e+04 -1.28461169e-02 
 1.25892541e+04  1.39769670e+01  1.25892541e+04 -1.31453199e-02 
 1.28824955e+04  1.39769409e+01  1.28824955e+04 -1.34514906e-02 
 1.31825674e+04  1.39769136e+01  1.31825674e+04 -1.37647914e-02 
 1.34896288e+04  1.39768850e+01  1.34896288e+04 -1.40853880e-02 
 1.38038426e+04  1.39768551e+01  1.38038426e+04 -1.44134505e-02 
 1.41253754e+04  1.39768237e+01  1.41253754e+04 -1.47491524e-02 
 1.44543977e+04  1.39767909e+01  1.44543977e+04 -1.50926717e-02 
 1.47910839e+04  1.39767565e+01  1.47910839e+04 -1.54441903e-02 
 1.51356125e+04  1.39767205e+01  1.51356125e+04 -1.58038943e-02 
 1.54881662e+04  1.39766829e+01  1.54881662e+04 -1.61719742e-02 
 1.58489319e+04  1.39766434e+01  1.58489319e+04 -1.65486249e-02 
 1.62181010e+04  1.39766021e+01  1.62181010e+04 -1.69340458e-02 
 1.65958691e+04  1.39765588e+01  1.65958691e+04 -1.73284411e-02 
 1.69824365e+04  1.39765135e+01  1.69824365e+04 -1.77320194e-02 
 1.73780083e+04  1.39764660e+01  1.73780083e+04 -1.81449946e-02 
 1.77827941e+04  1.39764163e+01  1.77827941e+04 -1.85675851e-02 
 1.81970086e+04  1.39763643e+01  1.81970086e+04 -1.90000147e-02 
 1.86208714e+04  1.39763098e+01  1.86208714e+04 -1.94425122e-02 
 1.90546072e+04  1.39762528e+01  1.90546072e+04 -1.98953118e-02 
 1.94984460e+04  1.39761931e+01  1.94984460e+04 -2.03586532e-02 
 1.99526231e+04  1.39761305e+01  1.99526231e+04 -2.08327814e-02 
 2.04173794e+04  1.39760650e+01  2.04173794e+04 -2.13179474e-02 
 2.08929613e+04  1.39759965e+01  2.08929613e+04 -2.18144077e-02 
 2.13796209e+04  1.39759247e+01  2.13796209e+04 -2.23224251e-02 
 2.18776162e+04  1.39758495e+01  2.18776162e+04 -2.28422682e-02 
 2.23872114e+04  1.39757707e+01  2.23872114e+04 -2.33742119e-02 
 2.29086765e+04  1.39756883e+01  2.29086765e+04 -2.39185375e-02 
 2.34422882e+04  1.39756020e+01  2.34422882e+04 -2.44755327e-02 
 2.39883292e+04  1.39755116e+01  2.39883292e+04 -2.50454922e-02 
 2.45470892e+04  1.39754169e+01  2.45470892e+04 -2.56287170e-02 
 2.51188643e+04  1.39753178e+01  2.51188643e+04 -2.62255155e-02 
 2.57039578e+04  1.39752140e+01  2.57039578e+04 -2.68362030e-02 
 2.63026799e+04  1.39751054e+01  2.63026799e+04 -2.74611022e-02 
 2.69153480e+04  1.39749916e+01  2.69153480e+04 -2.81005430e-02 
 2.75422870e+04  1.39748725e+01  2.75422870e+04 -2.87548634e-02 
 2.81838293e+04  1.39747477e+01  2.81838293e+04 -2.94244087e-02 
 2.88403150e+04  1.39746171e+01  2.88403150e+04 -3.01095324e-02 
 2.95120923e+04  1.39744803e+01  2.95120923e+04 -3.08105962e-02 
 3.01995172e+04  1.39743371e+01  3.01995172e+04 -3.15279701e-02 
 3.09029543e+04  1.39741871e+01  3.09029543e+04 -3.22620325e-02 
 3.16227766e+04  1.39740301e+01  3.16227766e+04 -3.30131707e-02 
 3.23593657e+04  1.39738657e+01  3.23593657e+04 -3.37817808e-02 
 3.31131121e+04  1.39736935e+01  3.31131121e+04 -3.45682679e-02 
 3.38844156e+04  1.39735132e+01  3.38844156e+04 -3.53730468e-02 
 3.46736850e+04  1.39733245e+01  3.46736850e+04 -3.61965413e-02 
 3.54813389e+04  1.39731268e+01  3.54813389e+04 -3.70391854e-02 
 3.63078055e+04  1.39729199e+01  3.63078055e+04 -3.79014227e-02 
 3.71535229e+04  1.39727032e+01  3.71535229e+04 -3.87837073e-02 
 3.80189396e+04  1.39724763e+01  3.80189396e+04 -3.96865034e-02 
 3.89045145e+04  1.39722387e+01  3.89045145e+04 -4.06102860e-02 
 3.98107171e+04  1.39719899e+01  3.98107171e+04 -4.15555408e-02 
 4.07380278e+04  1.39717295e+01  4.07380278e+04 -4.25227649e-02 
 4.16869383e+04  1.39714567e+01  4.16869383e+04 -4.35124665e-02 
 4.26579519e+04  1.39711712e+01  4.26579519e+04 -4.45251654e-02 
 4.36515832e+04  1.39708722e+01  4.36515832e+04 -4.55613934e-02 
 4.46683592e+04  1.39705591e+01  4.46683592e+04 -4.66216941e-02 
 4.57088190e+04  1.39702313e+01  4.57088190e+04 -4.77066239e-02 
 4.67735141e+04  1.39698881e+01  4.67735141e+04 -4.88167514e-02 
 4.78630092e+04  1.39695287e+01  4.78630092e+04 -4.99526583e-02 
 4.89778819e+04  1.39691524e+01  4.89778819e+04 -5.11149396e-02 
 5.01187234e+04  1.39687585e+01  5.01187234e+04 -5.23042035e-02 
 5.12861384e+04  1.39683460e+01  5.12861384e+04 -5.35210721e-02 
 5.24807460e+04  1.39679141e+01  5.24807460e+04 -5.47661815e-02 
 5.37031796e+04  1.39674618e+01  5.37031796e+04 -5.60401821e-02 
 5.49540874e+04  1.39669884e+01  5.49540874e+04 -5.73437389e-02 
 5.62341325e+04  1.39664926e+01  5.62341325e+04 -5.86775320e-02 
 5.75439937e+04  1.39659736e+01  5.75439937e+04 -6.00422565e-02 
 5.88843655e+04  1.39654302e+01  5.88843655e+04 -6.14386231e-02 
 6.02559586e+04  1.39648612e+01  6.02559586e+04 -6.28673585e-02 
 6.16595002e+04  1.39642655e+01  6.16595002e+04 -6.43292055e-02 
 6.30957344e+04  1.39636418e+01  6.30957344e+04 -6.58249234e-02 
 6.45654229e+04  1.39629888e+01  6.45654229e+04 -6.73552883e-02 
 6.60693448e+04  1.39623052e+01  6.60693448e+04 -6.89210935e-02 
 6.76082975e+04  1.39615894e+01  6.76082975e+04 -7.05231499e-02 
 6.91830971e+04  1.39608400e+01  6.91830971e+04 -7.21622861e-02 
 7.07945784e+04  1.39600555e+01  7.07945784e+04 -7.38393489e-02 
 7.24435960e+04  1.39592341e+01  7.24435960e+04 -7.55552038e-02 
 7.41310241e+04  1.39583742e+01  7.41310241e+04 -7.73107349e-02 
 7.58577575e+04  1.39574740e+01  7.58577575e+04 -7.91068459e-02 
 7.76247117e+04  1.39565315e+01  7.76247117e+04 -8.09444596e-02 
 7.94328235e+04  1.39555448e+01  7.94328235e+04 -8.28245192e-02 
 8.12830516e+04  1.39545118e+01  8.12830516e+04 -8.47479879e-02 
 8.31763771e+04  1.39534305e+01  8.31763771e+04 -8.67158496e-02 
 8.51138038e+04  1.39522984e+01  8.51138038e+04 -8.87291093e-02 
 8.70963590e+04  1.39511133e+01  8.70963590e+04 -9.07887932e-02 
 8.91250938e+04  1.39498728e+01  8.91250938e+04 -9.28959493e-02 
 9.12010839e+04  1.39485741e+01  9.12010839e+04 -9.50516476e-02 
 9.33254301e+04  1.39472146e+01  9.33254301e+04 -9.72569806e-02 
 9.54992586e+04  1.39457915e+01  9.54992586e+04 -9.95130634e-02 
 9.77237221e+04  1.39443019e+01  9.77237221e+04 -1.01821034e-01 
 1.00000000e+05  1.39427426e+01  1.00000000e+05 -1.04182055e-01 
 1.02329299e+05  1.39411104e+01  1.02329299e+05 -1.06597311e-01 
 1.04712855e+05  1.39394019e+01  1.04712855e+05 -1.09068012e-01 
 1.07151931e+05  1.39376136e+01  1.07151931e+05 -1.11595392e-01 
 1.09647820e+05  1.39357419e+01  1.09647820e+05 -1.14180710e-01 
 1.12201845e+05  1.39337827e+01  1.12201845e+05 -1.16825248e-01 
 1.14815362e+05  1.39317322e+01  1.14815362e+05 -1.19530317e-01 
 1.17489755e+05  1.39295861e+01  1.17489755e+05 -1.22297251e-01 
 1.20226443e+05  1.39273400e+01  1.20226443e+05 -1.25127410e-01 
 1.23026877e+05  1.39249893e+01  1.23026877e+05 -1.28022180e-01 
 1.25892541e+05  1.39225291e+01  1.25892541e+05 -1.30982975e-01 
 1.28824955e+05  1.39199545e+01  1.28824955e+05 -1.34011233e-01 
 1.31825674e+05  1.39172602e+01  1.31825674e+05 -1.37108421e-01 
 1.34896288e+05  1.39144406e+01  1.34896288e+05 -1.40276031e-01 
 1.38038426e+05  1.39114902e+01  1.38038426e+05 -1.43515583e-01 
 1.41253754e+05  1.39084028e+01  1.41253754e+05 -1.46828623e-01 
 1.44543977e+05  1.39051723e+01  1.44543977e+05 -1.50216726e-01 
 1.47910839e+05  1.39017921e+01  1.47910839e+05 -1.53681492e-01 
 1.51356125e+05  1.38982554e+01  1.51356125e+05 -1.57224550e-01 
 1.54881662e+05  1.38945550e+01  1.54881662e+05 -1.60847554e-01 
 1.58489319e+05  1.38906837e+01  1.58489319e+05 -1.64552188e-01 
 1.62181010e+05  1.38866336e+01  1.62181010e+05 -1.68340160e-01 
 1.65958691e+05  1.38823966e+01  1.65958691e+05 -1.72213206e-01 
 1.69824365e+05  1.38779644e+01  1.69824365e+05 -1.76173088e-01 
 1.73780083e+05  1.38733281e+01  1.73780083e+05 -1.80221595e-01 
 1.77827941e+05  1.38684785e+01  1.77827941e+05 -1.84360541e-01 
 1.81970086e+05  1.38634062e+01  1.81970086e+05 -1.88591765e-01 
 1.86208714e+05  1.38581012e+01  1.86208714e+05 -1.92917132e-01 
 1.90546072e+05  1.38525530e+01  1.90546072e+05 -1.97338531e-01 
 1.94984460e+05  1.38467510e+01  1.94984460e+05 -2.01857873e-01 
 1.99526231e+05  1.38406837e+01  1.99526231e+05 -2.06477094e-01 
 2.04173794e+05  1.38343396e+01  2.04173794e+05 -2.11198150e-01 
 2.08929613e+05  1.38277063e+01  2.08929613e+05 -2.16023021e-01 
 2.13796209e+05  1.38207713e+01  2.13796209e+05 -2.20953703e-01 
 2.18776162e+05  1.38135211e+01  2.18776162e+05 -2.25992214e-01 
 2.23872114e+05  1.38059422e+01  2.23872114e+05 -2.31140588e-01 
 2.29086765e+05  1.37980203e+01  2.29086765e+05 -2.36400876e-01 
 2.34422882e+05  1.37897403e+01  2.34422882e+05 -2.41775144e-01 
 2.39883292e+05  1.37810870e+01  2.39883292e+05 -2.47265469e-01 
 2.45470892e+05  1.37720442e+01  2.45470892e+05 -2.52873941e-01 
 2.51188643e+05  1.37625952e+01  2.51188643e+05 -2.58602658e-01 
 2.57039578e+05  1.37527229e+01  2.57039578e+05 -2.64453728e-01 
 2.63026799e+05  1.37424092e+01  2.63026799e+05 -2.70429259e-01 
 2.69153480e+05  1.37316355e+01  2.69153480e+05 -2.76531367e-01 
 2.75422870e+05  1.37203825e+01  2.75422870e+05 -2.82762162e-01 
 2.81838293e+05  1.37086303e+01  2.81838293e+05 -2.89123756e-01 
 2.88403150e+05  1.36963580e+01  2.88403150e+05 -2.95618253e-01 
 2.95120923e+05  1.36835442e+01  2.95120923e+05 -3.02247747e-01 
 3.01995172e+05  1.36701668e+01  3.01995172e+05 -3.09014321e-01 
 3.09029543e+05  1.36562028e+01  3.09029543e+05 -3.15920042e-01 
 3.16227766e+05  1.36416284e+01  3.16227766e+05 -3.22966957e-01 
 3.23593657e+05  1.36264192e+01  3.23593657e+05 -3.30157088e-01 
 3.31131121e+05  1.36105498e+01  3.31131121e+05 -3.37492432e-01 
 3.38844156e+05  1.35939942e+01  3.38844156e+05 -3.44974951e-01 
 3.46736850e+05  1.35767255e+01  3.46736850e+05 -3.52606572e-01 
 3.54813389e+05  1.35587159e+01  3.54813389e+05 -3.60389179e-01 
 3.63078055e+05  1.35399369e+01  3.63078055e+05 -3.68324610e-01 
 3.71535229e+05  1.35203592e+01  3.71535229e+05 -3.76414652e-01 
 3.80189396e+05  1.34999525e+01  3.80189396e+05 -3.84661034e-01 
 3.89045145e+05  1.34786860e+01  3.89045145e+05 -3.93065422e-01 
 3.98107171e+05  1.34565277e+01  3.98107171e+05 -4.01629414e-01 
 4.07380278e+05  1.34334452e+01  4.07380278e+05 -4.10354535e-01 
 4.16869383e+05  1.34094051e+01  4.16869383e+05 -4.19242228e-01 
 4.26579519e+05  1.33843732e+01  4.26579519e+05 -4.28293848e-01 
 4.36515832e+05  1.33583146e+01  4.36515832e+05 -4.37510661e-01 
 4.46683592e+05  1.33311938e+01  4.46683592e+05 -4.46893831e-01 
 4.57088190e+05  1.33029744e+01  4.57088190e+05 -4.56444417e-01 
 4.67735141e+05  1.32736193e+01  4.67735141e+05 -4.66163366e-01 
 4.78630092e+05  1.32430911e+01  4.78630092e+05 -4.76051506e-01 
 4.89778819e+05  1.32113514e+01  4.89778819e+05 -4.86109540e-01 
 5.01187234e+05  1.31783616e+01  5.01187234e+05 -4.96338040e-01 
 5.12861384e+05  1.31440823e+01  5.12861384e+05 -5.06737441e-01 
 5.24807460e+05  1.31084737e+01  5.24807460e+05 -5.17308031e-01 
 5.37031796e+05  1.30714959e+01  5.37031796e+05 -5.28049952e-01 
 5.49540874e+05  1.30331083e+01  5.49540874e+05 -5.38963188e-01 
 5.62341325e+05  1.29932702e+01  5.62341325e+05 -5.50047563e-01 
 5.75439937e+05  1.29519408e+01  5.75439937e+05 -5.61302733e-01 
 5.88843655e+05  1.29090791e+01  5.88843655e+05 -5.72728186e-01 
 6.02559586e+05  1.28646440e+01  6.02559586e+05 -5.84323234e-01 
 6.16595002e+05  1.28185946e+01  6.16595002e+05 -5.96087009e-01 
 6.30957344e+05  1.27708901e+01  6.30957344e+05 -6.08018462e-01 
 6.45654229e+05  1.27214900e+01  6.45654229e+05 -6.20116360e-01 
 6.60693448e+05  1.26703540e+01  6.60693448e+05 -6.32379282e-01 
 6.76082975e+05  1.26174423e+01  6.76082975e+05 -6.44805619e-01 
 6.91830971e+05  1.25627159e+01  6.91830971e+05 -6.57393577e-01 
 7.07945784e+05  1.25061362e+01  7.07945784e+05 -6.70141171e-01 
 7.24435960e+05  1.24476654e+01  7.24435960e+05 -6.83046230e-01 
 7.41310241e+05  1.23872668e+01  7.41310241e+05 -6.96106399e-01 
 7.58577575e+05  1.23249044e+01  7.58577575e+05 -7.09319143e-01 
 7.76247117e+05  1.22605436e+01  7.76247117e+05 -7.22681748e-01 
 7.94328235e+05  1.21941509e+01  7.94328235e+05 -7.36191327e-01 
 8.12830516e+05  1.21256942e+01  8.12830516e+05 -7.49844828e-01 
 8.31763771e+05  1.20551428e+01  8.31763771e+05 -7.63639040e-01 
 8.51138038e+05  1.19824676e+01  8.51138038e+05 -7.77570600e-01 
 8.70963590e+05  1.19076412e+01  8.70963590e+05 -7.91636002e-01 
 8.91250938e+05  1.18306379e+01  8.91250938e+05 -8.05831609e-01 
 9.12010839e+05  1.17514339e+01  9.12010839e+05 -8.20153660e-01 
 9.33254301e+05  1.16700074e+01  9.33254301e+05 -8.34598287e-01 
 9.54992586e+05  1.15863385e+01  9.54992586e+05 -8.49161522e-01 
 9.77237221e+05  1.15004097e+01  9.77237221e+05 -8.63839316e-01 
 1.00000000e+06  1.14122054e+01  1.00000000e+06 -8.78627547e-01 
 1.02329299e+06  1.13217123e+01  1.02329299e+06 -8.93522041e-01 
 1.04712855e+06  1.12289196e+01  1.04712855e+06 -9.08518581e-01 
 1.07151931e+06  1.11338185e+01  1.07151931e+06 -9.23612930e-01 
 1.09647820e+06  1.10364029e+01  1.09647820e+06 -9.38800839e-01 
 1.12201845e+06  1.09366688e+01  1.12201845e+06 -9.54078069e-01 
 1.14815362e+06  1.08346149e+01  1.14815362e+06 -9.69440408e-01 
 1.17489755e+06  1.07302421e+01  1.17489755e+06 -9.84883683e-01 
 1.20226443e+06  1.06235538e+01  1.20226443e+06 -1.00040378e+00 
 1.23026877e+06  1.05145556e+01  1.23026877e+06 -1.01599666e+00 
 1.25892541e+06  1.04032556e+01  1.25892541e+06 -1.03165838e+00 
 1.28824955e+06  1.02896643e+01  1.28824955e+06 -1.04738510e+00 
 1.31825674e+06  1.01737943e+01  1.31825674e+06 -1.06317310e+00 
 1.34896288e+06  1.00556604e+01  1.34896288e+06 -1.07901879e+00 
 1.38038426e+06  9.93527961e+00  1.38038426e+06 -1.09491875e+00 
 1.41253754e+06  9.81267099e+00  1.41253754e+06 -1.11086972e+00 
 1.44543977e+06  9.68785555e+00  1.44543977e+06 -1.12686860e+00 
 1.47910839e+06  9.56085621e+00  1.47910839e+06 -1.14291251e+00 
 1.51356125e+06  9.43169767e+00  1.51356125e+06 -1.15899874e+00 
 1.54881662e+06  9.30040633e+00  1.54881662e+06 -1.17512482e+00 
 1.58489319e+06  9.16701019e+00  1.58489319e+06 -1.19128847e+00 
 1.62181010e+06  9.03153871e+00  1.62181010e+06 -1.20748766e+00 
 1.65958691e+06  8.89402272e+00  1.65958691e+06 -1.22372059e+00 
 1.69824365e+06  8.75449432e+00  1.69824365e+06 -1.23998570e+00 
 1.73780083e+06  8.61298673e+00  1.73780083e+06 -1.25628168e+00 
 1.77827941e+06  8.46953420e+00  1.77827941e+06 -1.27260745e+00 
 1.81970086e+06  8.32417187e+00  1.81970086e+06 -1.28896221e+00 
 1.86208714e+06  8.17693568e+00  1.86208714e+06 -1.30534539e+00 
 1.90546072e+06  8.02786223e+00  1.90546072e+06 -1.32175670e+00 
 1.94984460e+06  7.87698870e+00  1.94984460e+06 -1.33819608e+00 
 1.99526231e+06  7.72435270e+00  1.99526231e+06 -1.35466374e+00 
 2.04173794e+06  7.56999217e+00  2.04173794e+06 -1.37116014e+00 
 2.08929613e+06  7.41394531e+00  2.08929613e+06 -1.38768597e+00 
 2.13796209e+06  7.25625044e+00  2.13796209e+06 -1.40424218e+00 
 2.18776162e+06  7.09694591e+00  2.18776162e+06 -1.42082998e+00 
 2.23872114e+06  6.93607004e+00  2.23872114e+06 -1.43745077e+00 
 2.29086765e+06  6.77366097e+00  2.29086765e+06 -1.45410621e+00 
 2.34422882e+06  6.60975664e+00  2.34422882e+06 -1.47079819e+00 
 2.39883292e+06  6.44439469e+00  2.39883292e+06 -1.48752877e+00 
 2.45470892e+06  6.27761235e+00  2.45470892e+06 -1.50430028e+00 
 2.51188643e+06  6.10944643e+00  2.51188643e+06 -1.52111519e+00 
 2.57039578e+06  5.93993322e+00  2.57039578e+06 -1.53797620e+00 
 2.63026799e+06  5.76910844e+00  2.63026799e+06 -1.55488618e+00 
 2.69153480e+06  5.59700720e+00  2.69153480e+06 -1.57184817e+00 
 2.75422870e+06  5.42366394e+00  2.75422870e+06 -1.58886536e+00 
 2.81838293e+06  5.24911237e+00  2.81838293e+06 -1.60594111e+00 
 2.88403150e+06  5.07338547e+00  2.88403150e+06 -1.62307891e+00 
 2.95120923e+06  4.89651543e+00  2.95120923e+06 -1.64028239e+00 
 3.01995172e+06  4.71853362e+00  3.01995172e+06 -1.65755529e+00 
 3.09029543e+06  4.53947059e+00  3.09029543e+06 -1.67490146e+00 
 3.16227766e+06  4.35935602e+00  3.16227766e+06 -1.69232484e+00 
 3.23593657e+06  4.17821872e+00  3.23593657e+06 -1.70982947e+00 
 3.31131121e+06  3.99608661e+00  3.31131121e+06 -1.72741943e+00 
 3.38844156e+06  3.81298674e+00  3.38844156e+06 -1.74509890e+00 
 3.46736850e+06  3.62894523e+00  3.46736850e+06 -1.76287208e+00 
 3.54813389e+06  3.44398732e+00  3.54813389e+06 -1.78074321e+00 
 3.63078055e+06  3.25813735e+00  3.63078055e+06 -1.79871655e+00 
 3.71535229e+06  3.07141876e+00  3.71535229e+06 -1.81679637e+00 
 3.80189396e+06  2.88385412e+00  3.80189396e+06 -1.83498693e+00 
 3.89045145e+06  2.69546512e+00  3.89045145e+06 -1.85329249e+00 
 3.98107171e+06  2.50627259e+00  3.98107171e+06 -1.87171724e+00 
 4.07380278e+06  2.31629651e+00  4.07380278e+06 -1.89026536e+00 
 4.16869383e+06  2.12555606e+00  4.16869383e+06 -1.90894095e+00 
 4.26579519e+06  1.93406960e+00  4.26579519e+06 -1.92774804e+00 
 4.36515832e+06  1.74185471e+00  4.36515832e+06 -1.94669056e+00 
 4.46683592e+06  1.54892824e+00  4.46683592e+06 -1.96577235e+00 
 4.57088190e+06  1.35530630e+00  4.57088190e+06 -1.98499712e+00 
 4.67735141e+06  1.16100430e+00  4.67735141e+06 -2.00436845e+00 
 4.78630092e+06  9.66036998e-01  4.78630092e+06 -2.02388977e+00 
 4.89778819e+06  7.70418528e-01  4.89778819e+06 -2.04356434e+00 
 5.01187234e+06  5.74162423e-01  5.01187234e+06 -2.06339524e+00 
 5.12861384e+06  3.77281666e-01  5.12861384e+06 -2.08338536e+00 
 5.24807460e+06  1.79788720e-01  5.24807460e+06 -2.10353737e+00 
 5.37031796e+06 -1.83044276e-02  5.37031796e+06 -2.12385371e+00 
 5.49540874e+06 -2.16986224e-01  5.49540874e+06 -2.14433659e+00 
 5.62341325e+06 -4.16245510e-01  5.62341325e+06 -2.16498794e+00 
 5.75439937e+06 -6.16071475e-01  5.75439937e+06 -2.18580943e+00 
 5.88843655e+06 -8.16453615e-01  5.88843655e+06 -2.20680245e+00 
 6.02559586e+06 -1.01738168e+00  6.02559586e+06 -2.22796806e+00 
 6.16595002e+06 -1.21884565e+00  6.16595002e+06 -2.24930701e+00 
 6.30957344e+06 -1.42083565e+00  6.30957344e+06 -2.27081973e+00 
 6.45654229e+06 -1.62334194e+00  6.45654229e+06 -2.29250629e+00 
 6.60693448e+06 -1.82635486e+00  6.60693448e+06 -2.31436639e+00 
 6.76082975e+06 -2.02986476e+00  6.76082975e+06 -2.33639939e+00 
 6.91830971e+06 -2.23386199e+00  6.91830971e+06 -2.35860423e+00 
 7.07945784e+06 -2.43833683e+00  7.07945784e+06 -2.38097947e+00 
 7.24435960e+06 -2.64327946e+00  7.24435960e+06 -2.40352327e+00 
 7.41310241e+06 -2.84867991e+00  7.41310241e+06 -2.42623336e+00 
 7.58577575e+06 -3.05452802e+00  7.58577575e+06 -2.44910705e+00 
 7.76247117e+06 -3.26081341e+00  7.76247117e+06 -2.47214125e+00 
 7.94328235e+06 -3.46752543e+00  7.94328235e+06 -2.49533238e+00 
 8.12830516e+06 -3.67465314e+00  8.12830516e+06 -2.51867649e+00 
 8.31763771e+06 -3.88218525e+00  8.31763771e+06 -2.54216912e+00 
 8.51138038e+06 -4.09011014e+00  8.51138038e+06 -2.56580543e+00 
 8.70963590e+06 -4.29841579e+00  8.70963590e+06 -2.58958009e+00 
 8.91250938e+06 -4.50708981e+00  8.91250938e+06 -2.61348738e+00 
 9.12010839e+06 -4.71611936e+00  9.12010839e+06 -2.63752111e+00 
 9.33254301e+06 -4.92549119e+00  9.33254301e+06 -2.66167467e+00 
 9.54992586e+06 -5.13519160e+00  9.54992586e+06 -2.68594106e+00 
 9.77237221e+06 -5.34520648e+00  9.77237221e+06 -2.71031284e+00 
 1.00000000e+07 -5.55552126e+00  1.00000000e+07 -2.73478220e+00 
