 1.00000000e+03  3.39687593e+01  1.00000000e+03 -1.03909266e-02 
 1.02329299e+03  3.39687378e+01  1.02329299e+03 -1.06329451e-02 
 1.04712855e+03  3.39687153e+01  1.04712855e+03 -1.08805996e-02 
 1.07151931e+03  3.39686917e+01  1.07151931e+03 -1.11340214e-02 
 1.09647820e+03  3.39686670e+01  1.09647820e+03 -1.13933448e-02 
 1.12201845e+03  3.39686411e+01  1.12201845e+03 -1.16587070e-02 
 1.14815362e+03  3.39686140e+01  1.14815362e+03 -1.19302487e-02 
 1.17489755e+03  3.39685857e+01  1.17489755e+03 -1.22081137e-02 
 1.20226443e+03  3.39685560e+01  1.20226443e+03 -1.24924491e-02 
 1.23026877e+03  3.39685249e+01  1.23026877e+03 -1.27834055e-02 
 1.25892541e+03  3.39684923e+01  1.25892541e+03 -1.30811370e-02 
 1.28824955e+03  3.39684582e+01  1.28824955e+03 -1.33858013e-02 
 1.31825674e+03  3.39684225e+01  1.31825674e+03 -1.36975596e-02 
 1.34896288e+03  3.39683851e+01  1.34896288e+03 -1.40165771e-02 
 1.38038426e+03  3.39683460e+01  1.38038426e+03 -1.43430226e-02 
 1.41253754e+03  3.39683050e+01  1.41253754e+03 -1.46770690e-02 
 1.44543977e+03  3.39682621e+01  1.44543977e+03 -1.50188930e-02 
 1.47910839e+03  3.39682171e+01  1.47910839e+03 -1.53686756e-02 
 1.51356125e+03  3.39681701e+01  1.51356125e+03 -1.57266020e-02 
 1.54881662e+03  3.39681208e+01  1.54881662e+03 -1.60928616e-02 
 1.58489319e+03  3.39680692e+01  1.58489319e+03 -1.64676481e-02 
 1.62181010e+03  3.39680152e+01  1.62181010e+03 -1.68511600e-02 
 1.65958691e+03  3.39679586e+01  1.65958691e+03 -1.72436000e-02 
 1.69824365e+03  3.39678993e+01  1.69824365e+03 -1.76451759e-02 
 1.73780083e+03  3.39678373e+01  1.73780083e+03 -1.80561000e-02 
 1.77827941e+03  3.39677724e+01  1.77827941e+03 -1.84765897e-02 
 1.81970086e+03  3.39677043e+01  1.81970086e+03 -1.89068674e-02 
 1.86208714e+03  3.39676331e+01  1.86208714e+03 -1.93471606e-02 
 1.90546072e+03  3.39675585e+01  1.90546072e+03 -1.97977020e-02 
 1.94984460e+03  3.39674804e+01  1.94984460e+03 -2.02587299e-02 
 1.99526231e+03  3.39673987e+01  1.99526231e+03 -2.07304880e-02 
 2.04173794e+03  3.39673131e+01  2.04173794e+03 -2.12132255e-02 
 2.08929613e+03  3.39672234e+01  2.08929613e+03 -2.17071976e-02 
 2.13796209e+03  3.39671295e+01  2.13796209e+03 -2.22126653e-02 
 2.18776162e+03  3.39670312e+01  2.18776162e+03 -2.27298955e-02 
 2.23872114e+03  3.39669283e+01  2.23872114e+03 -2.32591614e-02 
 2.29086765e+03  3.39668205e+01  2.29086765e+03 -2.38007426e-02 
 2.34422882e+03  3.39667077e+01  2.34422882e+03 -2.43549250e-02 
 2.39883292e+03  3.39665895e+01  2.39883292e+03 -2.49220010e-02 
 2.45470892e+03  3.39664658e+01  2.45470892e+03 -2.55022700e-02 
 2.51188643e+03  3.39663362e+01  2.51188643e+03 -2.60960381e-02 
 2.57039578e+03  3.39662005e+01  2.57039578e+03 -2.67036185e-02 
 2.63026799e+03  3.39660585e+01  2.63026799e+03 -2.73253317e-02 
 2.69153480e+03  3.39659097e+01  2.69153480e+03 -2.79615054e-02 
 2.75422870e+03  3.39657540e+01  2.75422870e+03 -2.86124750e-02 
 2.81838293e+03  3.39655909e+01  2.81838293e+03 -2.92785835e-02 
 2.88403150e+03  3.39654201e+01  2.88403150e+03 -2.99601819e-02 
 2.95120923e+03  3.39652413e+01  2.95120923e+03 -3.06576290e-02 
 3.01995172e+03  3.39650541e+01  3.01995172e+03 -3.13712920e-02 
 3.09029543e+03  3.39648581e+01  3.09029543e+03 -3.21015466e-02 
 3.16227766e+03  3.39646528e+01  3.16227766e+03 -3.28487770e-02 
 3.23593657e+03  3.39644379e+01  3.23593657e+03 -3.36133761e-02 
 3.31131121e+03  3.39642128e+01  3.31131121e+03 -3.43957459e-02 
 3.38844156e+03  3.39639772e+01  3.38844156e+03 -3.51962975e-02 
 3.46736850e+03  3.39637304e+01  3.46736850e+03 -3.60154515e-02 
 3.54813389e+03  3.39634721e+01  3.54813389e+03 -3.68536380e-02 
 3.63078055e+03  3.39632016e+01  3.63078055e+03 -3.77112968e-02 
 3.71535229e+03  3.39629183e+01  3.71535229e+03 -3.85888779e-02 
 3.80189396e+03  3.39626218e+01  3.80189396e+03 -3.94868413e-02 
 3.89045145e+03  3.39623112e+01  3.89045145e+03 -4.04056576e-02 
 3.98107171e+03  3.39619861e+01  3.98107171e+03 -4.13458080e-02 
 4.07380278e+03  3.39616457e+01  4.07380278e+03 -4.23077846e-02 
 4.16869383e+03  3.39612892e+01  4.16869383e+03 -4.32920906e-02 
 4.26579519e+03  3.39609160e+01  4.26579519e+03 -4.42992405e-02 
 4.36515832e+03  3.39605252e+01  4.36515832e+03 -4.53297606e-02 
 4.46683592e+03  3.39601161e+01  4.46683592e+03 -4.63841887e-02 
 4.57088190e+03  3.39596877e+01  4.57088190e+03 -4.74630750e-02 
 4.67735141e+03  3.39592392e+01  4.67735141e+03 -4.85669818e-02 
 4.78630092e+03  3.39587696e+01  4.78630092e+03 -4.96964841e-02 
 4.89778819e+03  3.39582779e+01  4.89778819e+03 -5.08521697e-02 
 5.01187234e+03  3.39577631e+01  5.01187234e+03 -5.20346395e-02 
 5.12861384e+03  3.39572240e+01  5.12861384e+03 -5.32445078e-02 
 5.24807460e+03  3.39566597e+01  5.24807460e+03 -5.44824023e-02 
 5.37031796e+03  3.39560689e+01  5.37031796e+03 -5.57489649e-02 
 5.49540874e+03  3.39554502e+01  5.49540874e+03 -5.70448515e-02 
 5.62341325e+03  3.39548026e+01  5.62341325e+03 -5.83707325e-02 
 5.75439937e+03  3.39541245e+01  5.75439937e+03 -5.97272929e-02 
 5.88843655e+03  3.39534145e+01  5.88843655e+03 -6.11152328e-02 
 6.02559586e+03  3.39526712e+01  6.02559586e+03 -6.25352676e-02 
 6.16595002e+03  3.39518931e+01  6.16595002e+03 -6.39881282e-02 
 6.30957344e+03  3.39510784e+01  6.30957344e+03 -6.54745613e-02 
 6.45654229e+03  3.39502254e+01  6.45654229e+03 -6.69953298e-02 
 6.60693448e+03  3.39493325e+01  6.60693448e+03 -6.85512129e-02 
 6.76082975e+03  3.39483977e+01  6.76082975e+03 -7.01430068e-02 
 6.91830971e+03  3.39474190e+01  6.91830971e+03 -7.17715244e-02 
 7.07945784e+03  3.39463944e+01  7.07945784e+03 -7.34375958e-02 
 7.24435960e+03  3.39453219e+01  7.24435960e+03 -7.51420690e-02 
 7.41310241e+03  3.39441990e+01  7.41310241e+03 -7.68858097e-02 
 7.58577575e+03  3.39430235e+01  7.58577575e+03 -7.86697015e-02 
 7.76247117e+03  3.39417930e+01  7.76247117e+03 -8.04946468e-02 
 7.94328235e+03  3.39405049e+01  7.94328235e+03 -8.23615664e-02 
 8.12830516e+03  3.39391565e+01  8.12830516e+03 -8.42714001e-02 
 8.31763771e+03  3.39377449e+01  8.31763771e+03 -8.62251070e-02 
 8.51138038e+03  3.39362674e+01  8.51138038e+03 -8.82236658e-02 
 8.70963590e+03  3.39347207e+01  8.70963590e+03 -9.02680746e-02 
 8.91250938e+03  3.39331017e+01  8.91250938e+03 -9.23593518e-02 
 9.12010839e+03  3.39314071e+01  9.12010839e+03 -9.44985359e-02 
 9.33254301e+03  3.39296333e+01  9.33254301e+03 -9.66866858e-02 
 9.54992586e+03  3.39277768e+01  9.54992586e+03 -9.89248813e-02 
 9.77237221e+03  3.39258335e+01  9.77237221e+03 -1.01214223e-01 
 1.00000000e+04  3.39237996e+01  1.00000000e+04 -1.03555832e-01 
 1.02329299e+04  3.39216709e+01  1.02329299e+04 -1.05950852e-01 
 1.04712855e+04  3.39194430e+01  1.04712855e+04 -1.08400447e-01 
 1.07151931e+04  3.39171113e+01  1.07151931e+04 -1.10905802e-01 
 1.09647820e+04  3.39146710e+01  1.09647820e+04 -1.13468126e-01 
 1.12201845e+04  3.39121172e+01  1.12201845e+04 -1.16088647e-01 
 1.14815362e+04  3.39094447e+01  1.14815362e+04 -1.18768616e-01 
 1.17489755e+04  3.39066479e+01  1.17489755e+04 -1.21509308e-01 
 1.20226443e+04  3.39037213e+01  1.20226443e+04 -1.24312016e-01 
 1.23026877e+04  3.39006589e+01  1.23026877e+04 -1.27178057e-01 
 1.25892541e+04  3.38974545e+01  1.25892541e+04 -1.30108771e-01 
 1.28824955e+04  3.38941015e+01  1.28824955e+04 -1.33105517e-01 
 1.31825674e+04  3.38905934e+01  1.31825674e+04 -1.36169678e-01 
 1.34896288e+04  3.38869229e+01  1.34896288e+04 -1.39302658e-01 
 1.38038426e+04  3.38830828e+01  1.38038426e+04 -1.42505881e-01 
 1.41253754e+04  3.38790653e+01  1.41253754e+04 -1.45780793e-01 
 1.44543977e+04  3.38748624e+01  1.44543977e+04 -1.49128861e-01 
 1.47910839e+04  3.38704659e+01  1.47910839e+04 -1.52551571e-01 
 1.51356125e+04  3.38658669e+01  1.51356125e+04 -1.56050431e-01 
 1.54881662e+04  3.38610564e+01  1.54881662e+04 -1.59626966e-01 
 1.58489319e+04  3.38560248e+01  1.58489319e+04 -1.63282722e-01 
 1.62181010e+04  3.38507624e+01  1.62181010e+04 -1.67019261e-01 
 1.65958691e+04  3.38452588e+01  1.65958691e+04 -1.70838164e-01 
 1.69824365e+04  3.38395033e+01  1.69824365e+04 -1.74741029e-01 
 1.73780083e+04  3.38334847e+01  1.73780083e+04 -1.78729467e-01 
 1.77827941e+04  3.38271914e+01  1.77827941e+04 -1.82805106e-01 
 1.81970086e+04  3.38206112e+01  1.81970086e+04 -1.86969588e-01 
 1.86208714e+04  3.38137316e+01  1.86208714e+04 -1.91224566e-01 
 1.90546072e+04  3.38065395e+01  1.90546072e+04 -1.95571704e-01 
 1.94984460e+04  3.37990211e+01  1.94984460e+04 -2.00012678e-01 
 1.99526231e+04  3.37911623e+01  1.99526231e+04 -2.04549168e-01 
 2.04173794e+04  3.37829483e+01  2.04173794e+04 -2.09182865e-01 
 2.08929613e+04  3.37743639e+01  2.08929613e+04 -2.13915460e-01 
 2.13796209e+04  3.37653931e+01  2.13796209e+04 -2.18748650e-01 
 2.18776162e+04  3.37560192e+01  2.18776162e+04 -2.23684132e-01 
 2.23872114e+04  3.37462253e+01  2.23872114e+04 -2.28723599e-01 
 2.29086765e+04  3.37359934e+01  2.29086765e+04 -2.33868741e-01 
 2.34422882e+04  3.37253050e+01  2.34422882e+04 -2.39121242e-01 
 2.39883292e+04  3.37141410e+01  2.39883292e+04 -2.44482775e-01 
 2.45470892e+04  3.37024816e+01  2.45470892e+04 -2.49955000e-01 
 2.51188643e+04  3.36903061e+01  2.51188643e+04 -2.55539563e-01 
 2.57039578e+04  3.36775934e+01  2.57039578e+04 -2.61238088e-01 
 2.63026799e+04  3.36643212e+01  2.63026799e+04 -2.67052179e-01 
 2.69153480e+04  3.36504669e+01  2.69153480e+04 -2.72983412e-01 
 2.75422870e+04  3.36360068e+01  2.75422870e+04 -2.79033331e-01 
 2.81838293e+04  3.36209167e+01  2.81838293e+04 -2.85203448e-01 
 2.88403150e+04  3.36051714e+01  2.88403150e+04 -2.91495234e-01 
 2.95120923e+04  3.35887451e+01  2.95120923e+04 -2.97910117e-01 
 3.01995172e+04  3.35716109e+01  3.01995172e+04 -3.04449475e-01 
 3.09029543e+04  3.35537413e+01  3.09029543e+04 -3.11114635e-01 
 3.16227766e+04  3.35351081e+01  3.16227766e+04 -3.17906863e-01 
 3.23593657e+04  3.35156820e+01  3.23593657e+04 -3.24827362e-01 
 3.31131121e+04  3.34954331e+01  3.31131121e+04 -3.31877262e-01 
 3.38844156e+04  3.34743306e+01  3.38844156e+04 -3.39057622e-01 
 3.46736850e+04  3.34523429e+01  3.46736850e+04 -3.46369416e-01 
 3.54813389e+04  3.34294377e+01  3.54813389e+04 -3.53813530e-01 
 3.63078055e+04  3.34055817e+01  3.63078055e+04 -3.61390757e-01 
 3.71535229e+04  3.33807411e+01  3.71535229e+04 -3.69101787e-01 
 3.80189396e+04  3.33548812e+01  3.80189396e+04 -3.76947205e-01 
 3.89045145e+04  3.33279666e+01  3.89045145e+04 -3.84927481e-01 
 3.98107171e+04  3.32999612e+01  3.98107171e+04 -3.93042964e-01 
 4.07380278e+04  3.32708282e+01  4.07380278e+04 -4.01293874e-01 
 4.16869383e+04  3.32405303e+01  4.16869383e+04 -4.09680297e-01 
 4.26579519e+04  3.32090294e+01  4.26579519e+04 -4.18202180e-01 
 4.36515832e+04  3.31762869e+01  4.36515832e+04 -4.26859318e-01 
 4.46683592e+04  3.31422639e+01  4.46683592e+04 -4.35651353e-01 
 4.57088190e+04  3.31069208e+01  4.57088190e+04 -4.44577766e-01 
 4.67735141e+04  3.30702178e+01  4.67735141e+04 -4.53637869e-01 
 4.78630092e+04  3.30321146e+01  4.78630092e+04 -4.62830801e-01 
 4.89778819e+04  3.29925707e+01  4.89778819e+04 -4.72155521e-01 
 5.01187234e+04  3.29515456e+01  5.01187234e+04 -4.81610802e-01 
 5.12861384e+04  3.29089983e+01  5.12861384e+04 -4.91195226e-01 
 5.24807460e+04  3.28648881e+01  5.24807460e+04 -5.00907182e-01 
 5.37031796e+04  3.28191743e+01  5.37031796e+04 -5.10744856e-01 
 5.49540874e+04  3.27718163e+01  5.49540874e+04 -5.20706235e-01 
 5.62341325e+04  3.27227737e+01  5.62341325e+04 -5.30789095e-01 
 5.75439937e+04  3.26720065e+01  5.75439937e+04 -5.40991006e-01 
 5.88843655e+04  3.26194753e+01  5.88843655e+04 -5.51309327e-01 
 6.02559586e+04  3.25651409e+01  6.02559586e+04 -5.61741205e-01 
 6.16595002e+04  3.25089652e+01  6.16595002e+04 -5.72283575e-01 
 6.30957344e+04  3.24509106e+01  6.30957344e+04 -5.82933162e-01 
 6.45654229e+04  3.23909404e+01  6.45654229e+04 -5.93686480e-01 
 6.60693448e+04  3.23290190e+01  6.60693448e+04 -6.04539836e-01 
 6.76082975e+04  3.22651119e+01  6.76082975e+04 -6.15489333e-01 
 6.91830971e+04  3.21991858e+01  6.91830971e+04 -6.26530877e-01 
 7.07945784e+04  3.21312089e+01  7.07945784e+04 -6.37660177e-01 
 7.24435960e+04  3.20611506e+01  7.24435960e+04 -6.48872756e-01 
 7.41310241e+04  3.19889820e+01  7.41310241e+04 -6.60163956e-01 
 7.58577575e+04  3.19146760e+01  7.58577575e+04 -6.71528947e-01 
 7.76247117e+04  3.18382071e+01  7.76247117e+04 -6.82962738e-01 
 7.94328235e+04  3.17595517e+01  7.94328235e+04 -6.94460183e-01 
 8.12830516e+04  3.16786882e+01  8.12830516e+04 -7.06015997e-01 
 8.31763771e+04  3.15955972e+01  8.31763771e+04 -7.17624765e-01 
 8.51138038e+04  3.15102612e+01  8.51138038e+04 -7.29280955e-01 
 8.70963590e+04  3.14226649e+01  8.70963590e+04 -7.40978932e-01 
 8.91250938e+04  3.13327955e+01  8.91250938e+04 -7.52712974e-01 
 9.12010839e+04  3.12406424e+01  9.12010839e+04 -7.64477282e-01 
 9.33254301e+04  3.11461971e+01  9.33254301e+04 -7.76266001e-01 
 9.54992586e+04  3.10494540e+01  9.54992586e+04 -7.88073231e-01 
 9.77237221e+04  3.09504095e+01  9.77237221e+04 -7.99893047e-01 
 1.00000000e+05  3.08490626e+01  1.00000000e+05 -8.11719509e-01 
 1.02329299e+05  3.07454148e+01  1.02329299e+05 -8.23546687e-01 
 1.04712855e+05  3.06394699e+01  1.04712855e+05 -8.35368669e-01 
 1.07151931e+05  3.05312341e+01  1.07151931e+05 -8.47179582e-01 
 1.09647820e+05  3.04207163e+01  1.09647820e+05 -8.58973605e-01 
 1.12201845e+05  3.03079273e+01  1.12201845e+05 -8.70744987e-01 
 1.14815362e+05  3.01928805e+01  1.14815362e+05 -8.82488062e-01 
 1.17489755e+05  3.00755915e+01  1.17489755e+05 -8.94197262e-01 
 1.20226443e+05  2.99560781e+01  1.20226443e+05 -9.05867132e-01 
 1.23026877e+05  2.98343602e+01  1.23026877e+05 -9.17492343e-01 
 1.25892541e+05  2.97104597e+01  1.25892541e+05 -9.29067705e-01 
 1.28824955e+05  2.95844004e+01  1.28824955e+05 -9.40588181e-01 
 1.31825674e+05  2.94562082e+01  1.31825674e+05 -9.52048893e-01 
 1.34896288e+05  2.93259106e+01  1.34896288e+05 -9.63445138e-01 
 1.38038426e+05  2.91935366e+01  1.38038426e+05 -9.74772392e-01 
 1.41253754e+05  2.90591171e+01  1.41253754e+05 -9.86026321e-01 
 1.44543977e+05  2.89226841e+01  1.44543977e+05 -9.97202790e-01 
 1.47910839e+05  2.87842712e+01  1.47910839e+05 -1.00829786e+00 
 1.51356125e+05  2.86439131e+01  1.51356125e+05 -1.01930782e+00 
 1.54881662e+05  2.85016456e+01  1.54881662e+05 -1.03022914e+00 
 1.58489319e+05  2.83575054e+01  1.58489319e+05 -1.04105853e+00 
 1.62181010e+05  2.82115304e+01  1.62181010e+05 -1.05179292e+00 
 1.65958691e+05  2.80637588e+01  1.65958691e+05 -1.06242944e+00 
 1.69824365e+05  2.79142298e+01  1.69824365e+05 -1.07296546e+00 
 1.73780083e+05  2.77629830e+01  1.73780083e+05 -1.08339855e+00 
 1.77827941e+05  2.76100584e+01  1.77827941e+05 -1.09372652e+00 
 1.81970086e+05  2.74554965e+01  1.81970086e+05 -1.10394740e+00 
 1.86208714e+05  2.72993379e+01  1.86208714e+05 -1.11405940e+00 
 1.90546072e+05  2.71416232e+01  1.90546072e+05 -1.12406098e+00 
 1.94984460e+05  2.69823934e+01  1.94984460e+05 -1.13395079e+00 
 1.99526231e+05  2.68216892e+01  1.99526231e+05 -1.14372769e+00 
 2.04173794e+05  2.66595512e+01  2.04173794e+05 -1.15339073e+00 
 2.08929613e+05  2.64960199e+01  2.08929613e+05 -1.16293916e+00 
 2.13796209e+05  2.63311353e+01  2.13796209e+05 -1.17237243e+00 
 2.18776162e+05  2.61649375e+01  2.18776162e+05 -1.18169015e+00 
 2.23872114e+05  2.59974657e+01  2.23872114e+05 -1.19089212e+00 
 2.29086765e+05  2.58287590e+01  2.29086765e+05 -1.19997832e+00 
 2.34422882e+05  2.56588557e+01  2.34422882e+05 -1.20894887e+00 
 2.39883292e+05  2.54877939e+01  2.39883292e+05 -1.21780407e+00 
 2.45470892e+05  2.53156107e+01  2.45470892e+05 -1.22654435e+00 
 2.51188643e+05  2.51423429e+01  2.51188643e+05 -1.23517031e+00 
 2.57039578e+05  2.49680265e+01  2.57039578e+05 -1.24368266e+00 
 2.63026799e+05  2.47926966e+01  2.63026799e+05 -1.25208227e+00 
 2.69153480e+05  2.46163879e+01  2.69153480e+05 -1.26037010e+00 
 2.75422870e+05  2.44391341e+01  2.75422870e+05 -1.26854726e+00 
 2.81838293e+05  2.42609683e+01  2.81838293e+05 -1.27661495e+00 
 2.88403150e+05  2.40819227e+01  2.88403150e+05 -1.28457449e+00 
 2.95120923e+05  2.39020287e+01  2.95120923e+05 -1.29242729e+00 
 3.01995172e+05  2.37213171e+01  3.01995172e+05 -1.30017485e+00 
 3.09029543e+05  2.35398175e+01  3.09029543e+05 -1.30781877e+00 
 3.16227766e+05  2.33575591e+01  3.16227766e+05 -1.31536073e+00 
 3.23593657e+05  2.31745701e+01  3.23593657e+05 -1.32280247e+00 
 3.31131121e+05  2.29908777e+01  3.31131121e+05 -1.33014581e+00 
 3.38844156e+05  2.28065087e+01  3.38844156e+05 -1.33739265e+00 
 3.46736850e+05  2.26214888e+01  3.46736850e+05 -1.34454494e+00 
 3.54813389e+05  2.24358429e+01  3.54813389e+05 -1.35160468e+00 
 3.63078055e+05  2.22495953e+01  3.63078055e+05 -1.35857394e+00 
 3.71535229e+05  2.20627694e+01  3.71535229e+05 -1.36545482e+00 
 3.80189396e+05  2.18753879e+01  3.80189396e+05 -1.37224947e+00 
 3.89045145e+05  2.16874727e+01  3.89045145e+05 -1.37896010e+00 
 3.98107171e+05  2.14990449e+01  3.98107171e+05 -1.38558893e+00 
 4.07380278e+05  2.13101249e+01  4.07380278e+05 -1.39213823e+00 
 4.16869383e+05  2.11207326e+01  4.16869383e+05 -1.39861030e+00 
 4.26579519e+05  2.09308870e+01  4.26579519e+05 -1.40500747e+00 
 4.36515832e+05  2.07406064e+01  4.36515832e+05 -1.41133208e+00 
 4.46683592e+05  2.05499085e+01  4.46683592e+05 -1.41758653e+00 
 4.57088190e+05  2.03588104e+01  4.57088190e+05 -1.42377319e+00 
 4.67735141e+05  2.01673286e+01  4.67735141e+05 -1.42989450e+00 
 4.78630092e+05  1.99754788e+01  4.78630092e+05 -1.43595289e+00 
 4.89778819e+05  1.97832763e+01  4.89778819e+05 -1.44195080e+00 
 5.01187234e+05  1.95907357e+01  5.01187234e+05 -1.44789069e+00 
 5.12861384e+05  1.93978711e+01  5.12861384e+05 -1.45377506e+00 
 5.24807460e+05  1.92046961e+01  5.24807460e+05 -1.45960638e+00 
 5.37031796e+05  1.90112237e+01  5.37031796e+05 -1.46538715e+00 
 5.49540874e+05  1.88174665e+01  5.49540874e+05 -1.47111988e+00 
 5.62341325e+05  1.86234363e+01  5.62341325e+05 -1.47680708e+00 
 5.75439937e+05  1.84291449e+01  5.75439937e+05 -1.48245128e+00 
 5.88843655e+05  1.82346033e+01  5.88843655e+05 -1.48805501e+00 
 6.02559586e+05  1.80398220e+01  6.02559586e+05 -1.49362079e+00 
 6.16595002e+05  1.78448115e+01  6.16595002e+05 -1.49915118e+00 
 6.30957344e+05  1.76495814e+01  6.30957344e+05 -1.50464871e+00 
 6.45654229e+05  1.74541411e+01  6.45654229e+05 -1.51011595e+00 
 6.60693448e+05  1.72584997e+01  6.60693448e+05 -1.51555545e+00 
 6.76082975e+05  1.70626658e+01  6.76082975e+05 -1.52096976e+00 
 6.91830971e+05  1.68666478e+01  6.91830971e+05 -1.52636146e+00 
 7.07945784e+05  1.66704534e+01  7.07945784e+05 -1.53173311e+00 
 7.24435960e+05  1.64740905e+01  7.24435960e+05 -1.53708730e+00 
 7.41310241e+05  1.62775662e+01  7.41310241e+05 -1.54242660e+00 
 7.58577575e+05  1.60808876e+01  7.58577575e+05 -1.54775361e+00 
 7.76247117e+05  1.58840614e+01  7.76247117e+05 -1.55307091e+00 
 7.94328235e+05  1.56870939e+01  7.94328235e+05 -1.55838110e+00 
 8.12830516e+05  1.54899914e+01  8.12830516e+05 -1.56368679e+00 
 8.31763771e+05  1.52927596e+01  8.31763771e+05 -1.56899060e+00 
 8.51138038e+05  1.50954043e+01  8.51138038e+05 -1.57429513e+00 
 8.70963590e+05  1.48979307e+01  8.70963590e+05 -1.57960303e+00 
 8.91250938e+05  1.47003442e+01  8.91250938e+05 -1.58491693e+00 
 9.12010839e+05  1.45026495e+01  9.12010839e+05 -1.59023947e+00 
 9.33254301e+05  1.43048515e+01  9.33254301e+05 -1.59557331e+00 
 9.54992586e+05  1.41069546e+01  9.54992586e+05 -1.60092111e+00 
 9.77237221e+05  1.39089631e+01  9.77237221e+05 -1.60628556e+00 
 1.00000000e+06  1.37108813e+01  1.00000000e+06 -1.61166934e+00 
 1.02329299e+06  1.35127130e+01  1.02329299e+06 -1.61707515e+00 
 1.04712855e+06  1.33144620e+01  1.04712855e+06 -1.62250571e+00 
 1.07151931e+06  1.31161319e+01  1.07151931e+06 -1.62796375e+00 
 1.09647820e+06  1.29177263e+01  1.09647820e+06 -1.63345201e+00 
 1.12201845e+06  1.27192483e+01  1.12201845e+06 -1.63897325e+00 
 1.14815362e+06  1.25207012e+01  1.14815362e+06 -1.64453025e+00 
 1.17489755e+06  1.23220879e+01  1.17489755e+06 -1.65012580e+00 
 1.20226443e+06  1.21234114e+01  1.20226443e+06 -1.65576271e+00 
 1.23026877e+06  1.19246743e+01  1.23026877e+06 -1.66144381e+00 
 1.25892541e+06  1.17258794e+01  1.25892541e+06 -1.66717195e+00 
 1.28824955e+06  1.15270291e+01  1.28824955e+06 -1.67295000e+00 
 1.31825674e+06  1.13281259e+01  1.31825674e+06 -1.67878085e+00 
 1.34896288e+06  1.11291719e+01  1.34896288e+06 -1.68466741e+00 
 1.38038426e+06  1.09301695e+01  1.38038426e+06 -1.69061261e+00 
 1.41253754e+06  1.07311206e+01  1.41253754e+06 -1.69661941e+00 
 1.44543977e+06  1.05320273e+01  1.44543977e+06 -1.70269079e+00 
 1.47910839e+06  1.03328915e+01  1.47910839e+06 -1.70882977e+00 
 1.51356125e+06  1.01337150e+01  1.51356125e+06 -1.71503936e+00 
 1.54881662e+06  9.93449944e+00  1.54881662e+06 -1.72132262e+00 
 1.58489319e+06  9.73524658e+00  1.58489319e+06 -1.72768264e+00 
 1.62181010e+06  9.53595794e+00  1.62181010e+06 -1.73412252e+00 
 1.65958691e+06  9.33663503e+00  1.65958691e+06 -1.74064540e+00 
 1.69824365e+06  9.13727927e+00  1.69824365e+06 -1.74725445e+00 
 1.73780083e+06  8.93789201e+00  1.73780083e+06 -1.75395285e+00 
 1.77827941e+06  8.73847455e+00  1.77827941e+06 -1.76074383e+00 
 1.81970086e+06  8.53902812e+00  1.81970086e+06 -1.76763063e+00 
 1.86208714e+06  8.33955388e+00  1.86208714e+06 -1.77461653e+00 
 1.90546072e+06  8.14005295e+00  1.90546072e+06 -1.78170483e+00 
 1.94984460e+06  7.94052638e+00  1.94984460e+06 -1.78889888e+00 
 1.99526231e+06  7.74097519e+00  1.99526231e+06 -1.79620202e+00 
 2.04173794e+06  7.54140031e+00  2.04173794e+06 -1.80361766e+00 
 2.08929613e+06  7.34180266e+00  2.08929613e+06 -1.81114921e+00 
 2.13796209e+06  7.14218310e+00  2.13796209e+06 -1.81880011e+00 
 2.18776162e+06  6.94254243e+00  2.18776162e+06 -1.82657385e+00 
 2.23872114e+06  6.74288143e+00  2.23872114e+06 -1.83447393e+00 
 2.29086765e+06  6.54320083e+00  2.29086765e+06 -1.84250386e+00 
 2.34422882e+06  6.34350131e+00  2.34422882e+06 -1.85066721e+00 
 2.39883292e+06  6.14378352e+00  2.39883292e+06 -1.85896754e+00 
 2.45470892e+06  5.94404808e+00  2.45470892e+06 -1.86740846e+00 
 2.51188643e+06  5.74429557e+00  2.51188643e+06 -1.87599359e+00 
 2.57039578e+06  5.54452652e+00  2.57039578e+06 -1.88472656e+00 
 2.63026799e+06  5.34474145e+00  2.63026799e+06 -1.89361102e+00 
 2.69153480e+06  5.14494083e+00  2.69153480e+06 -1.90265067e+00 
 2.75422870e+06  4.94512512e+00  2.75422870e+06 -1.91184917e+00 
 2.81838293e+06  4.74529474e+00  2.81838293e+06 -1.92121022e+00 
 2.88403150e+06  4.54545007e+00  2.88403150e+06 -1.93073754e+00 
 2.95120923e+06  4.34559148e+00  2.95120923e+06 -1.94043484e+00 
 3.01995172e+06  4.14571931e+00  3.01995172e+06 -1.95030582e+00 
 3.09029543e+06  3.94583387e+00  3.09029543e+06 -1.96035420e+00 
 3.16227766e+06  3.74593544e+00  3.16227766e+06 -1.97058369e+00 
 3.23593657e+06  3.54602430e+00  3.23593657e+06 -1.98099799e+00 
 3.31131121e+06  3.34610068e+00  3.31131121e+06 -1.99160078e+00 
 3.38844156e+06  3.14616480e+00  3.38844156e+06 -2.00239572e+00 
 3.46736850e+06  2.94621687e+00  3.46736850e+06 -2.01338648e+00 
 3.54813389e+06  2.74625707e+00  3.54813389e+06 -2.02457665e+00 
 3.63078055e+06  2.54628555e+00  3.63078055e+06 -2.03596983e+00 
 3.71535229e+06  2.34630246e+00  3.71535229e+06 -2.04756954e+00 
 3.80189396e+06  2.14630792e+00  3.80189396e+06 -2.05937930e+00 
 3.89045145e+06  1.94630205e+00  3.89045145e+06 -2.07140253e+00 
 3.98107171e+06  1.74628493e+00  3.98107171e+06 -2.08364261e+00 
 4.07380278e+06  1.54625664e+00  4.07380278e+06 -2.09610285e+00 
 4.16869383e+06  1.34621725e+00  4.16869383e+06 -2.10878648e+00 
 4.26579519e+06  1.14616681e+00  4.26579519e+06 -2.12169666e+00 
 4.36515832e+06  9.46105346e-01  4.36515832e+06 -2.13483641e+00 
 4.46683592e+06  7.46032893e-01  4.46683592e+06 -2.14820870e+00 
 4.57088190e+06  5.45949464e-01  4.57088190e+06 -2.16181636e+00 
 4.67735141e+06  3.45855064e-01  4.67735141e+06 -2.17566207e+00 
 4.78630092e+06  1.45749689e-01  4.78630092e+06 -2.18974843e+00 
 4.89778819e+06 -5.43666725e-02  4.89778819e+06 -2.20407784e+00 
 5.01187234e+06 -2.54494040e-01  5.01187234e+06 -2.21865257e+00 
 5.12861384e+06 -4.54632439e-01  5.12861384e+06 -2.23347472e+00 
 5.24807460e+06 -6.54781900e-01  5.24807460e+06 -2.24854619e+00 
 5.37031796e+06 -8.54942455e-01  5.37031796e+06 -2.26386870e+00 
 5.49540874e+06 -1.05511414e+00  5.49540874e+06 -2.27944375e+00 
 5.62341325e+06 -1.25529700e+00  5.62341325e+06 -2.29527263e+00 
 5.75439937e+06 -1.45549107e+00  5.75439937e+06 -2.31135639e+00 
 5.88843655e+06 -1.65569638e+00  5.88843655e+06 -2.32769583e+00 
 6.02559586e+06 -1.85591298e+00  6.02559586e+06 -2.34429149e+00 
 6.16595002e+06 -2.05614089e+00  6.16595002e+06 -2.36114363e+00 
 6.30957344e+06 -2.25638015e+00  6.30957344e+06 -2.37825224e+00 
 6.45654229e+06 -2.45663077e+00  6.45654229e+06 -2.39561697e+00 
 6.60693448e+06 -2.65689278e+00  6.60693448e+06 -2.41323719e+00 
 6.76082975e+06 -2.85716618e+00  6.76082975e+06 -2.43111192e+00 
 6.91830971e+06 -3.05745096e+00  6.91830971e+06 -2.44923986e+00 
 7.07945784e+06 -3.25774711e+00  7.07945784e+06 -2.46761932e+00 
 7.24435960e+06 -3.45805460e+00  7.24435960e+06 -2.48624827e+00 
 7.41310241e+06 -3.65837339e+00  7.41310241e+06 -2.50512431e+00 
 7.58577575e+06 -3.85870343e+00  7.58577575e+06 -2.52424463e+00 
 7.76247117e+06 -4.05904464e+00  7.76247117e+06 -2.54360602e+00 
 7.94328235e+06 -4.25939692e+00  7.94328235e+06 -2.56320490e+00 
 8.12830516e+06 -4.45976018e+00  8.12830516e+06 -2.58303723e+00 
 8.31763771e+06 -4.66013427e+00  8.31763771e+06 -2.60309860e+00 
 8.51138038e+06 -4.86051905e+00  8.51138038e+06 -2.62338412e+00 
 8.70963590e+06 -5.06091434e+00  8.70963590e+06 -2.64388851e+00 
 8.91250938e+06 -5.26131995e+00  8.91250938e+06 -2.66460605e+00 
 9.12010839e+06 -5.46173565e+00  9.12010839e+06 -2.68553060e+00 
 9.33254301e+06 -5.66216120e+00  9.33254301e+06 -2.70665555e+00 
 9.54992586e+06 -5.86259633e+00  9.54992586e+06 -2.72797391e+00 
 9.77237221e+06 -6.06304075e+00  9.77237221e+06 -2.74947824e+00 
 1.00000000e+07 -6.26349414e+00  1.00000000e+07 -2.77116069e+00 
