 1.00000000e+03  2.60158809e+01  1.00000000e+03 -4.16186507e-03 
 1.02329299e+03  2.60158776e+01  1.02329299e+03 -4.25880631e-03 
 1.04712855e+03  2.60158741e+01  1.04712855e+03 -4.35800554e-03 
 1.07151931e+03  2.60158705e+01  1.07151931e+03 -4.45951532e-03 
 1.09647820e+03  2.60158667e+01  1.09647820e+03 -4.56338949e-03 
 1.12201845e+03  2.60158627e+01  1.12201845e+03 -4.66968311e-03 
 1.14815362e+03  2.60158585e+01  1.14815362e+03 -4.77845253e-03 
 1.17489755e+03  2.60158542e+01  1.17489755e+03 -4.88975540e-03 
 1.20226443e+03  2.60158496e+01  1.20226443e+03 -5.00365074e-03 
 1.23026877e+03  2.60158448e+01  1.23026877e+03 -5.12019892e-03 
 1.25892541e+03  2.60158398e+01  1.25892541e+03 -5.23946173e-03 
 1.28824955e+03  2.60158345e+01  1.28824955e+03 -5.36150238e-03 
 1.31825674e+03  2.60158291e+01  1.31825674e+03 -5.48638558e-03 
 1.34896288e+03  2.60158233e+01  1.34896288e+03 -5.61417752e-03 
 1.38038426e+03  2.60158173e+01  1.38038426e+03 -5.74494594e-03 
 1.41253754e+03  2.60158110e+01  1.41253754e+03 -5.87876017e-03 
 1.44543977e+03  2.60158044e+01  1.44543977e+03 -6.01569114e-03 
 1.47910839e+03  2.60157974e+01  1.47910839e+03 -6.15581143e-03 
 1.51356125e+03  2.60157902e+01  1.51356125e+03 -6.29919531e-03 
 1.54881662e+03  2.60157826e+01  1.54881662e+03 -6.44591879e-03 
 1.58489319e+03  2.60157747e+01  1.58489319e+03 -6.59605965e-03 
 1.62181010e+03  2.60157664e+01  1.62181010e+03 -6.74969745e-03 
 1.65958691e+03  2.60157576e+01  1.65958691e+03 -6.90691364e-03 
 1.69824365e+03  2.60157485e+01  1.69824365e+03 -7.06779154e-03 
 1.73780083e+03  2.60157390e+01  1.73780083e+03 -7.23241643e-03 
 1.77827941e+03  2.60157290e+01  1.77827941e+03 -7.40087556e-03 
 1.81970086e+03  2.60157185e+01  1.81970086e+03 -7.57325822e-03 
 1.86208714e+03  2.60157075e+01  1.86208714e+03 -7.74965576e-03 
 1.90546072e+03  2.60156961e+01  1.90546072e+03 -7.93016168e-03 
 1.94984460e+03  2.60156840e+01  1.94984460e+03 -8.11487164e-03 
 1.99526231e+03  2.60156714e+01  1.99526231e+03 -8.30388353e-03 
 2.04173794e+03  2.60156583e+01  2.04173794e+03 -8.49729751e-03 
 2.08929613e+03  2.60156445e+01  2.08929613e+03 -8.69521610e-03 
 2.13796209e+03  2.60156300e+01  2.13796209e+03 -8.89774416e-03 
 2.18776162e+03  2.60156149e+01  2.18776162e+03 -9.10498902e-03 
 2.23872114e+03  2.60155990e+01  2.23872114e+03 -9.31706051e-03 
 2.29086765e+03  2.60155824e+01  2.29086765e+03 -9.53407099e-03 
 2.34422882e+03  2.60155651e+01  2.34422882e+03 -9.75613546e-03 
 2.39883292e+03  2.60155469e+01  2.39883292e+03 -9.98337157e-03 
 2.45470892e+03  2.60155278e+01  2.45470892e+03 -1.02158997e-02 
 2.51188643e+03  2.60155079e+01  2.51188643e+03 -1.04538431e-02 
 2.57039578e+03  2.60154870e+01  2.57039578e+03 -1.06973278e-02 
 2.63026799e+03  2.60154651e+01  2.63026799e+03 -1.09464829e-02 
 2.69153480e+03  2.60154422e+01  2.69153480e+03 -1.12014402e-02 
 2.75422870e+03  2.60154182e+01  2.75422870e+03 -1.14623348e-02 
 2.81838293e+03  2.60153931e+01  2.81838293e+03 -1.17293051e-02 
 2.88403150e+03  2.60153668e+01  2.88403150e+03 -1.20024923e-02 
 2.95120923e+03  2.60153393e+01  2.95120923e+03 -1.22820411e-02 
 3.01995172e+03  2.60153104e+01  3.01995172e+03 -1.25680997e-02 
 3.09029543e+03  2.60152802e+01  3.09029543e+03 -1.28608196e-02 
 3.16227766e+03  2.60152486e+01  3.16227766e+03 -1.31603557e-02 
 3.23593657e+03  2.60152155e+01  3.23593657e+03 -1.34668667e-02 
 3.31131121e+03  2.60151808e+01  3.31131121e+03 -1.37805149e-02 
 3.38844156e+03  2.60151445e+01  3.38844156e+03 -1.41014663e-02 
 3.46736850e+03  2.60151065e+01  3.46736850e+03 -1.44298910e-02 
 3.54813389e+03  2.60150667e+01  3.54813389e+03 -1.47659627e-02 
 3.63078055e+03  2.60150250e+01  3.63078055e+03 -1.51098595e-02 
 3.71535229e+03  2.60149814e+01  3.71535229e+03 -1.54617633e-02 
 3.80189396e+03  2.60149357e+01  3.80189396e+03 -1.58218604e-02 
 3.89045145e+03  2.60148878e+01  3.89045145e+03 -1.61903414e-02 
 3.98107171e+03  2.60148377e+01  3.98107171e+03 -1.65674013e-02 
 4.07380278e+03  2.60147853e+01  4.07380278e+03 -1.69532396e-02 
 4.16869383e+03  2.60147303e+01  4.16869383e+03 -1.73480606e-02 
 4.26579519e+03  2.60146728e+01  4.26579519e+03 -1.77520731e-02 
 4.36515832e+03  2.60146126e+01  4.36515832e+03 -1.81654909e-02 
 4.46683592e+03  2.60145495e+01  4.46683592e+03 -1.85885325e-02 
 4.57088190e+03  2.60144835e+01  4.57088190e+03 -1.90214219e-02 
 4.67735141e+03  2.60144143e+01  4.67735141e+03 -1.94643879e-02 
 4.78630092e+03  2.60143419e+01  4.78630092e+03 -1.99176647e-02 
 4.89778819e+03  2.60142661e+01  4.89778819e+03 -2.03814921e-02 
 5.01187234e+03  2.60141867e+01  5.01187234e+03 -2.08561152e-02 
 5.12861384e+03  2.60141035e+01  5.12861384e+03 -2.13417849e-02 
 5.24807460e+03  2.60140165e+01  5.24807460e+03 -2.18387579e-02 
 5.37031796e+03  2.60139253e+01  5.37031796e+03 -2.23472968e-02 
 5.49540874e+03  2.60138298e+01  5.49540874e+03 -2.28676703e-02 
 5.62341325e+03  2.60137299e+01  5.62341325e+03 -2.34001532e-02 
 5.75439937e+03  2.60136252e+01  5.75439937e+03 -2.39450269e-02 
 5.88843655e+03  2.60135157e+01  5.88843655e+03 -2.45025791e-02 
 6.02559586e+03  2.60134009e+01  6.02559586e+03 -2.50731040e-02 
 6.16595002e+03  2.60132808e+01  6.16595002e+03 -2.56569030e-02 
 6.30957344e+03  2.60131549e+01  6.30957344e+03 -2.62542840e-02 
 6.45654229e+03  2.60130232e+01  6.45654229e+03 -2.68655623e-02 
 6.60693448e+03  2.60128853e+01  6.60693448e+03 -2.74910603e-02 
 6.76082975e+03  2.60127408e+01  6.76082975e+03 -2.81311079e-02 
 6.91830971e+03  2.60125896e+01  6.91830971e+03 -2.87860426e-02 
 7.07945784e+03  2.60124312e+01  7.07945784e+03 -2.94562097e-02 
 7.24435960e+03  2.60122654e+01  7.24435960e+03 -3.01419622e-02 
 7.41310241e+03  2.60120918e+01  7.41310241e+03 -3.08436614e-02 
 7.58577575e+03  2.60119100e+01  7.58577575e+03 -3.15616769e-02 
 7.76247117e+03  2.60117196e+01  7.76247117e+03 -3.22963867e-02 
 7.94328235e+03  2.60115203e+01  7.94328235e+03 -3.30481775e-02 
 8.12830516e+03  2.60113116e+01  8.12830516e+03 -3.38174448e-02 
 8.31763771e+03  2.60110930e+01  8.31763771e+03 -3.46045933e-02 
 8.51138038e+03  2.60108642e+01  8.51138038e+03 -3.54100367e-02 
 8.70963590e+03  2.60106246e+01  8.70963590e+03 -3.62341984e-02 
 8.91250938e+03  2.60103738e+01  8.91250938e+03 -3.70775112e-02 
 9.12010839e+03  2.60101111e+01  9.12010839e+03 -3.79404180e-02 
 9.33254301e+03  2.60098360e+01  9.33254301e+03 -3.88233717e-02 
 9.54992586e+03  2.60095481e+01  9.54992586e+03 -3.97268354e-02 
 9.77237221e+03  2.60092465e+01  9.77237221e+03 -4.06512829e-02 
 1.00000000e+04  2.60089308e+01  1.00000000e+04 -4.15971985e-02 
 1.02329299e+04  2.60086002e+01  1.02329299e+04 -4.25650778e-02 
 1.04712855e+04  2.60082541e+01  1.04712855e+04 -4.35554273e-02 
 1.07151931e+04  2.60078917e+01  1.07151931e+04 -4.45687651e-02 
 1.09647820e+04  2.60075122e+01  1.09647820e+04 -4.56056211e-02 
 1.12201845e+04  2.60071149e+01  1.12201845e+04 -4.66665368e-02 
 1.14815362e+04  2.60066989e+01  1.14815362e+04 -4.77520662e-02 
 1.17489755e+04  2.60062633e+01  1.17489755e+04 -4.88627756e-02 
 1.20226443e+04  2.60058073e+01  1.20226443e+04 -4.99992440e-02 
 1.23026877e+04  2.60053298e+01  1.23026877e+04 -5.11620635e-02 
 1.25892541e+04  2.60048299e+01  1.25892541e+04 -5.23518390e-02 
 1.28824955e+04  2.60043065e+01  1.28824955e+04 -5.35691895e-02 
 1.31825674e+04  2.60037584e+01  1.31825674e+04 -5.48147472e-02 
 1.34896288e+04  2.60031847e+01  1.34896288e+04 -5.60891586e-02 
 1.38038426e+04  2.60025839e+01  1.38038426e+04 -5.73930844e-02 
 1.41253754e+04  2.60019550e+01  1.41253754e+04 -5.87272001e-02 
 1.44543977e+04  2.60012964e+01  1.44543977e+04 -6.00921959e-02 
 1.47910839e+04  2.60006070e+01  1.47910839e+04 -6.14887770e-02 
 1.51356125e+04  2.59998852e+01  1.51356125e+04 -6.29176644e-02 
 1.54881662e+04  2.59991295e+01  1.54881662e+04 -6.43795945e-02 
 1.58489319e+04  2.59983383e+01  1.58489319e+04 -6.58753200e-02 
 1.62181010e+04  2.59975100e+01  1.62181010e+04 -6.74056097e-02 
 1.65958691e+04  2.59966428e+01  1.65958691e+04 -6.89712491e-02 
 1.69824365e+04  2.59957350e+01  1.69824365e+04 -7.05730406e-02 
 1.73780083e+04  2.59947845e+01  1.73780083e+04 -7.22118038e-02 
 1.77827941e+04  2.59937895e+01  1.77827941e+04 -7.38883759e-02 
 1.81970086e+04  2.59927479e+01  1.81970086e+04 -7.56036118e-02 
 1.86208714e+04  2.59916574e+01  1.86208714e+04 -7.73583844e-02 
 1.90546072e+04  2.59905158e+01  1.90546072e+04 -7.91535851e-02 
 1.94984460e+04  2.59893207e+01  1.94984460e+04 -8.09901240e-02 
 1.99526231e+04  2.59880697e+01  1.99526231e+04 -8.28689302e-02 
 2.04173794e+04  2.59867601e+01  2.04173794e+04 -8.47909519e-02 
 2.08929613e+04  2.59853892e+01  2.08929613e+04 -8.67571569e-02 
 2.13796209e+04  2.59839542e+01  2.13796209e+04 -8.87685329e-02 
 2.18776162e+04  2.59824520e+01  2.18776162e+04 -9.08260875e-02 
 2.23872114e+04  2.59808796e+01  2.23872114e+04 -9.29308488e-02 
 2.29086765e+04  2.59792337e+01  2.29086765e+04 -9.50838655e-02 
 2.34422882e+04  2.59775109e+01  2.34422882e+04 -9.72862071e-02 
 2.39883292e+04  2.59757076e+01  2.39883292e+04 -9.95389642e-02 
 2.45470892e+04  2.59738202e+01  2.45470892e+04 -1.01843249e-01 
 2.51188643e+04  2.59718446e+01  2.51188643e+04 -1.04200194e-01 
 2.57039578e+04  2.59697770e+01  2.57039578e+04 -1.06610955e-01 
 2.63026799e+04  2.59676129e+01  2.63026799e+04 -1.09076710e-01 
 2.69153480e+04  2.59653480e+01  2.69153480e+04 -1.11598657e-01 
 2.75422870e+04  2.59629777e+01  2.75422870e+04 -1.14178017e-01 
 2.81838293e+04  2.59604970e+01  2.81838293e+04 -1.16816035e-01 
 2.88403150e+04  2.59579009e+01  2.88403150e+04 -1.19513977e-01 
 2.95120923e+04  2.59551841e+01  2.95120923e+04 -1.22273131e-01 
 3.01995172e+04  2.59523411e+01  3.01995172e+04 -1.25094809e-01 
 3.09029543e+04  2.59493661e+01  3.09029543e+04 -1.27980345e-01 
 3.16227766e+04  2.59462531e+01  3.16227766e+04 -1.30931096e-01 
 3.23593657e+04  2.59429958e+01  3.23593657e+04 -1.33948440e-01 
 3.31131121e+04  2.59395876e+01  3.31131121e+04 -1.37033780e-01 
 3.38844156e+04  2.59360216e+01  3.38844156e+04 -1.40188539e-01 
 3.46736850e+04  2.59322907e+01  3.46736850e+04 -1.43414164e-01 
 3.54813389e+04  2.59283874e+01  3.54813389e+04 -1.46712123e-01 
 3.63078055e+04  2.59243039e+01  3.63078055e+04 -1.50083906e-01 
 3.71535229e+04  2.59200320e+01  3.71535229e+04 -1.53531025e-01 
 3.80189396e+04  2.59155633e+01  3.80189396e+04 -1.57055011e-01 
 3.89045145e+04  2.59108890e+01  3.89045145e+04 -1.60657418e-01 
 3.98107171e+04  2.59059997e+01  3.98107171e+04 -1.64339819e-01 
 4.07380278e+04  2.59008859e+01  4.07380278e+04 -1.68103806e-01 
 4.16869383e+04  2.58955376e+01  4.16869383e+04 -1.71950992e-01 
 4.26579519e+04  2.58899442e+01  4.26579519e+04 -1.75883005e-01 
 4.36515832e+04  2.58840949e+01  4.36515832e+04 -1.79901492e-01 
 4.46683592e+04  2.58779784e+01  4.46683592e+04 -1.84008117e-01 
 4.57088190e+04  2.58715829e+01  4.57088190e+04 -1.88204559e-01 
 4.67735141e+04  2.58648960e+01  4.67735141e+04 -1.92492510e-01 
 4.78630092e+04  2.58579050e+01  4.78630092e+04 -1.96873675e-01 
 4.89778819e+04  2.58505966e+01  4.89778819e+04 -2.01349774e-01 
 5.01187234e+04  2.58429569e+01  5.01187234e+04 -2.05922533e-01 
 5.12861384e+04  2.58349715e+01  5.12861384e+04 -2.10593689e-01 
 5.24807460e+04  2.58266255e+01  5.24807460e+04 -2.15364986e-01 
 5.37031796e+04  2.58179033e+01  5.37031796e+04 -2.20238172e-01 
 5.49540874e+04  2.58087888e+01  5.49540874e+04 -2.25214998e-01 
 5.62341325e+04  2.57992651e+01  5.62341325e+04 -2.30297217e-01 
 5.75439937e+04  2.57893150e+01  5.75439937e+04 -2.35486581e-01 
 5.88843655e+04  2.57789203e+01  5.88843655e+04 -2.40784836e-01 
 6.02559586e+04  2.57680624e+01  6.02559586e+04 -2.46193723e-01 
 6.16595002e+04  2.57567217e+01  6.16595002e+04 -2.51714973e-01 
 6.30957344e+04  2.57448782e+01  6.30957344e+04 -2.57350306e-01 
 6.45654229e+04  2.57325111e+01  6.45654229e+04 -2.63101424e-01 
 6.60693448e+04  2.57195987e+01  6.60693448e+04 -2.68970011e-01 
 6.76082975e+04  2.57061189e+01  6.76082975e+04 -2.74957730e-01 
 6.91830971e+04  2.56920484e+01  6.91830971e+04 -2.81066215e-01 
 7.07945784e+04  2.56773635e+01  7.07945784e+04 -2.87297072e-01 
 7.24435960e+04  2.56620396e+01  7.24435960e+04 -2.93651869e-01 
 7.41310241e+04  2.56460512e+01  7.41310241e+04 -3.00132138e-01 
 7.58577575e+04  2.56293722e+01  7.58577575e+04 -3.06739367e-01 
 7.76247117e+04  2.56119755e+01  7.76247117e+04 -3.13474994e-01 
 7.94328235e+04  2.55938333e+01  7.94328235e+04 -3.20340403e-01 
 8.12830516e+04  2.55749169e+01  8.12830516e+04 -3.27336921e-01 
 8.31763771e+04  2.55551970e+01  8.31763771e+04 -3.34465809e-01 
 8.51138038e+04  2.55346432e+01  8.51138038e+04 -3.41728259e-01 
 8.70963590e+04  2.55132245e+01  8.70963590e+04 -3.49125386e-01 
 8.91250938e+04  2.54909090e+01  8.91250938e+04 -3.56658223e-01 
 9.12010839e+04  2.54676640e+01  9.12010839e+04 -3.64327715e-01 
 9.33254301e+04  2.54434562e+01  9.33254301e+04 -3.72134714e-01 
 9.54992586e+04  2.54182512e+01  9.54992586e+04 -3.80079968e-01 
 9.77237221e+04  2.53920143e+01  9.77237221e+04 -3.88164120e-01 
 1.00000000e+05  2.53647096e+01  1.00000000e+05 -3.96387696e-01 
 1.02329299e+05  2.53363010e+01  1.02329299e+05 -4.04751105e-01 
 1.04712855e+05  2.53067513e+01  1.04712855e+05 -4.13254624e-01 
 1.07151931e+05  2.52760229e+01  1.07151931e+05 -4.21898397e-01 
 1.09647820e+05  2.52440778e+01  1.09647820e+05 -4.30682428e-01 
 1.12201845e+05  2.52108770e+01  1.12201845e+05 -4.39606570e-01 
 1.14815362e+05  2.51763814e+01  1.14815362e+05 -4.48670524e-01 
 1.17489755e+05  2.51405514e+01  1.17489755e+05 -4.57873829e-01 
 1.20226443e+05  2.51033469e+01  1.20226443e+05 -4.67215855e-01 
 1.23026877e+05  2.50647276e+01  1.23026877e+05 -4.76695802e-01 
 1.25892541e+05  2.50246529e+01  1.25892541e+05 -4.86312688e-01 
 1.28824955e+05  2.49830822e+01  1.28824955e+05 -4.96065349e-01 
 1.31825674e+05  2.49399747e+01  1.31825674e+05 -5.05952429e-01 
 1.34896288e+05  2.48952894e+01  1.34896288e+05 -5.15972381e-01 
 1.38038426e+05  2.48489859e+01  1.38038426e+05 -5.26123458e-01 
 1.41253754e+05  2.48010234e+01  1.41253754e+05 -5.36403714e-01 
 1.44543977e+05  2.47513619e+01  1.44543977e+05 -5.46810995e-01 
 1.47910839e+05  2.46999614e+01  1.47910839e+05 -5.57342946e-01 
 1.51356125e+05  2.46467826e+01  1.51356125e+05 -5.67997000e-01 
 1.54881662e+05  2.45917868e+01  1.54881662e+05 -5.78770385e-01 
 1.58489319e+05  2.45349360e+01  1.58489319e+05 -5.89660118e-01 
 1.62181010e+05  2.44761928e+01  1.62181010e+05 -6.00663011e-01 
 1.65958691e+05  2.44155210e+01  1.65958691e+05 -6.11775671e-01 
 1.69824365e+05  2.43528854e+01  1.69824365e+05 -6.22994501e-01 
 1.73780083e+05  2.42882518e+01  1.73780083e+05 -6.34315708e-01 
 1.77827941e+05  2.42215875e+01  1.77827941e+05 -6.45735303e-01 
 1.81970086e+05  2.41528611e+01  1.81970086e+05 -6.57249113e-01 
 1.86208714e+05  2.40820426e+01  1.86208714e+05 -6.68852780e-01 
 1.90546072e+05  2.40091038e+01  1.90546072e+05 -6.80541775e-01 
 1.94984460e+05  2.39340180e+01  1.94984460e+05 -6.92311406e-01 
 1.99526231e+05  2.38567606e+01  1.99526231e+05 -7.04156823e-01 
 2.04173794e+05  2.37773085e+01  2.04173794e+05 -7.16073037e-01 
 2.08929613e+05  2.36956411e+01  2.08929613e+05 -7.28054921e-01 
 2.13796209e+05  2.36117393e+01  2.13796209e+05 -7.40097234e-01 
 2.18776162e+05  2.35255868e+01  2.18776162e+05 -7.52194623e-01 
 2.23872114e+05  2.34371690e+01  2.23872114e+05 -7.64341647e-01 
 2.29086765e+05  2.33464738e+01  2.29086765e+05 -7.76532783e-01 
 2.34422882e+05  2.32534915e+01  2.34422882e+05 -7.88762447e-01 
 2.39883292e+05  2.31582146e+01  2.39883292e+05 -8.01025005e-01 
 2.45470892e+05  2.30606381e+01  2.45470892e+05 -8.13314794e-01 
 2.51188643e+05  2.29607595e+01  2.51188643e+05 -8.25626133e-01 
 2.57039578e+05  2.28585786e+01  2.57039578e+05 -8.37953343e-01 
 2.63026799e+05  2.27540977e+01  2.63026799e+05 -8.50290762e-01 
 2.69153480e+05  2.26473216e+01  2.69153480e+05 -8.62632759e-01 
 2.75422870e+05  2.25382574e+01  2.75422870e+05 -8.74973755e-01 
 2.81838293e+05  2.24269145e+01  2.81838293e+05 -8.87308237e-01 
 2.88403150e+05  2.23133049e+01  2.88403150e+05 -8.99630770e-01 
 2.95120923e+05  2.21974427e+01  2.95120923e+05 -9.11936019e-01 
 3.01995172e+05  2.20793443e+01  3.01995172e+05 -9.24218756e-01 
 3.09029543e+05  2.19590282e+01  3.09029543e+05 -9.36473881e-01 
 3.16227766e+05  2.18365150e+01  3.16227766e+05 -9.48696430e-01 
 3.23593657e+05  2.17118275e+01  3.23593657e+05 -9.60881591e-01 
 3.31131121e+05  2.15849900e+01  3.31131121e+05 -9.73024715e-01 
 3.38844156e+05  2.14560291e+01  3.38844156e+05 -9.85121325e-01 
 3.46736850e+05  2.13249728e+01  3.46736850e+05 -9.97167128e-01 
 3.54813389e+05  2.11918509e+01  3.54813389e+05 -1.00915802e+00 
 3.63078055e+05  2.10566945e+01  3.63078055e+05 -1.02109011e+00 
 3.71535229e+05  2.09195364e+01  3.71535229e+05 -1.03295970e+00 
 3.80189396e+05  2.07804104e+01  3.80189396e+05 -1.04476330e+00 
 3.89045145e+05  2.06393518e+01  3.89045145e+05 -1.05649767e+00 
 3.98107171e+05  2.04963965e+01  3.98107171e+05 -1.06815976e+00 
 4.07380278e+05  2.03515818e+01  4.07380278e+05 -1.07974676e+00 
 4.16869383e+05  2.02049455e+01  4.16869383e+05 -1.09125608e+00 
 4.26579519e+05  2.00565265e+01  4.26579519e+05 -1.10268538e+00 
 4.36515832e+05  1.99063638e+01  4.36515832e+05 -1.11403252e+00 
 4.46683592e+05  1.97544973e+01  4.46683592e+05 -1.12529563e+00 
 4.57088190e+05  1.96009672e+01  4.57088190e+05 -1.13647302e+00 
 4.67735141e+05  1.94458139e+01  4.67735141e+05 -1.14756326e+00 
 4.78630092e+05  1.92890781e+01  4.78630092e+05 -1.15856514e+00 
 4.89778819e+05  1.91308005e+01  4.89778819e+05 -1.16947766e+00 
 5.01187234e+05  1.89710219e+01  5.01187234e+05 -1.18030005e+00 
 5.12861384e+05  1.88097831e+01  5.12861384e+05 -1.19103175e+00 
 5.24807460e+05  1.86471245e+01  5.24807460e+05 -1.20167240e+00 
 5.37031796e+05  1.84830865e+01  5.37031796e+05 -1.21222185e+00 
 5.49540874e+05  1.83177091e+01  5.49540874e+05 -1.22268016e+00 
 5.62341325e+05  1.81510320e+01  5.62341325e+05 -1.23304756e+00 
 5.75439937e+05  1.79830943e+01  5.75439937e+05 -1.24332449e+00 
 5.88843655e+05  1.78139350e+01  5.88843655e+05 -1.25351155e+00 
 6.02559586e+05  1.76435921e+01  6.02559586e+05 -1.26360952e+00 
 6.16595002e+05  1.74721034e+01  6.16595002e+05 -1.27361937e+00 
 6.30957344e+05  1.72995058e+01  6.30957344e+05 -1.28354219e+00 
 6.45654229e+05  1.71258357e+01  6.45654229e+05 -1.29337928e+00 
 6.60693448e+05  1.69511289e+01  6.60693448e+05 -1.30313203e+00 
 6.76082975e+05  1.67754203e+01  6.76082975e+05 -1.31280202e+00 
 6.91830971e+05  1.65987441e+01  6.91830971e+05 -1.32239095e+00 
 7.07945784e+05  1.64211338e+01  7.07945784e+05 -1.33190064e+00 
 7.24435960e+05  1.62426221e+01  7.24435960e+05 -1.34133304e+00 
 7.41310241e+05  1.60632409e+01  7.41310241e+05 -1.35069023e+00 
 7.58577575e+05  1.58830213e+01  7.58577575e+05 -1.35997438e+00 
 7.76247117e+05  1.57019935e+01  7.76247117e+05 -1.36918780e+00 
 7.94328235e+05  1.55201872e+01  7.94328235e+05 -1.37833288e+00 
 8.12830516e+05  1.53376309e+01  8.12830516e+05 -1.38741209e+00 
 8.31763771e+05  1.51543524e+01  8.31763771e+05 -1.39642803e+00 
 8.51138038e+05  1.49703788e+01  8.51138038e+05 -1.40538335e+00 
 8.70963590e+05  1.47857364e+01  8.70963590e+05 -1.41428081e+00 
 8.91250938e+05  1.46004505e+01  8.91250938e+05 -1.42312323e+00 
 9.12010839e+05  1.44145458e+01  9.12010839e+05 -1.43191351e+00 
 9.33254301e+05  1.42280460e+01  9.33254301e+05 -1.44065461e+00 
 9.54992586e+05  1.40409744e+01  9.54992586e+05 -1.44934958e+00 
 9.77237221e+05  1.38533531e+01  9.77237221e+05 -1.45800150e+00 
 1.00000000e+06  1.36652037e+01  1.00000000e+06 -1.46661353e+00 
 1.02329299e+06  1.34765470e+01  1.02329299e+06 -1.47518889e+00 
 1.04712855e+06  1.32874032e+01  1.04712855e+06 -1.48373082e+00 
 1.07151931e+06  1.30977915e+01  1.07151931e+06 -1.49224265e+00 
 1.09647820e+06  1.29077307e+01  1.09647820e+06 -1.50072773e+00 
 1.12201845e+06  1.27172388e+01  1.12201845e+06 -1.50918947e+00 
 1.14815362e+06  1.25263332e+01  1.14815362e+06 -1.51763131e+00 
 1.17489755e+06  1.23350305e+01  1.17489755e+06 -1.52605675e+00 
 1.20226443e+06  1.21433468e+01  1.20226443e+06 -1.53446931e+00 
 1.23026877e+06  1.19512976e+01  1.23026877e+06 -1.54287255e+00 
 1.25892541e+06  1.17588978e+01  1.25892541e+06 -1.55127007e+00 
 1.28824955e+06  1.15661616e+01  1.28824955e+06 -1.55966551e+00 
 1.31825674e+06  1.13731029e+01  1.31825674e+06 -1.56806254e+00 
 1.34896288e+06  1.11797348e+01  1.34896288e+06 -1.57646485e+00 
 1.38038426e+06  1.09860699e+01  1.38038426e+06 -1.58487617e+00 
 1.41253754e+06  1.07921205e+01  1.41253754e+06 -1.59330027e+00 
 1.44543977e+06  1.05978982e+01  1.44543977e+06 -1.60174092e+00 
 1.47910839e+06  1.04034142e+01  1.47910839e+06 -1.61020195e+00 
 1.51356125e+06  1.02086792e+01  1.51356125e+06 -1.61868720e+00 
 1.54881662e+06  1.00137035e+01  1.54881662e+06 -1.62720054e+00 
 1.58489319e+06  9.81849698e+00  1.58489319e+06 -1.63574586e+00 
 1.62181010e+06  9.62306903e+00  1.62181010e+06 -1.64432708e+00 
 1.65958691e+06  9.42742868e+00  1.65958691e+06 -1.65294816e+00 
 1.69824365e+06  9.23158458e+00  1.69824365e+06 -1.66161306e+00 
 1.73780083e+06  9.03554497e+00  1.73780083e+06 -1.67032577e+00 
 1.77827941e+06  8.83931777e+00  1.77827941e+06 -1.67909031e+00 
 1.81970086e+06  8.64291051e+00  1.81970086e+06 -1.68791073e+00 
 1.86208714e+06  8.44633041e+00  1.86208714e+06 -1.69679108e+00 
 1.90546072e+06  8.24958435e+00  1.90546072e+06 -1.70573546e+00 
 1.94984460e+06  8.05267889e+00  1.94984460e+06 -1.71474795e+00 
 1.99526231e+06  7.85562031e+00  1.99526231e+06 -1.72383271e+00 
 2.04173794e+06  7.65841458e+00  2.04173794e+06 -1.73299385e+00 
 2.08929613e+06  7.46106739e+00  2.08929613e+06 -1.74223557e+00 
 2.13796209e+06  7.26358416e+00  2.13796209e+06 -1.75156203e+00 
 2.18776162e+06  7.06597005e+00  2.18776162e+06 -1.76097745e+00 
 2.23872114e+06  6.86822998e+00  2.23872114e+06 -1.77048604e+00 
 2.29086765e+06  6.67036860e+00  2.29086765e+06 -1.78009203e+00 
 2.34422882e+06  6.47239035e+00  2.34422882e+06 -1.78979968e+00 
 2.39883292e+06  6.27429943e+00  2.39883292e+06 -1.79961324e+00 
 2.45470892e+06  6.07609983e+00  2.45470892e+06 -1.80953700e+00 
 2.51188643e+06  5.87779533e+00  2.51188643e+06 -1.81957524e+00 
 2.57039578e+06  5.67938950e+00  2.57039578e+06 -1.82973225e+00 
 2.63026799e+06  5.48088573e+00  2.63026799e+06 -1.84001233e+00 
 2.69153480e+06  5.28228721e+00  2.69153480e+06 -1.85041978e+00 
 2.75422870e+06  5.08359695e+00  2.75422870e+06 -1.86095892e+00 
 2.81838293e+06  4.88481780e+00  2.81838293e+06 -1.87163404e+00 
 2.88403150e+06  4.68595242e+00  2.88403150e+06 -1.88244946e+00 
 2.95120923e+06  4.48700333e+00  2.95120923e+06 -1.89340946e+00 
 3.01995172e+06  4.28797287e+00  3.01995172e+06 -1.90451834e+00 
 3.09029543e+06  4.08886326e+00  3.09029543e+06 -1.91578036e+00 
 3.16227766e+06  3.88967655e+00  3.16227766e+06 -1.92719979e+00 
 3.23593657e+06  3.69041466e+00  3.23593657e+06 -1.93878085e+00 
 3.31131121e+06  3.49107939e+00  3.31131121e+06 -1.95052777e+00 
 3.38844156e+06  3.29167238e+00  3.38844156e+06 -1.96244472e+00 
 3.46736850e+06  3.09219518e+00  3.46736850e+06 -1.97453584e+00 
 3.54813389e+06  2.89264919e+00  3.54813389e+06 -1.98680524e+00 
 3.63078055e+06  2.69303573e+00  3.63078055e+06 -1.99925697e+00 
 3.71535229e+06  2.49335599e+00  3.71535229e+06 -2.01189504e+00 
 3.80189396e+06  2.29361105e+00  3.80189396e+06 -2.02472339e+00 
 3.89045145e+06  2.09380192e+00  3.89045145e+06 -2.03774590e+00 
 3.98107171e+06  1.89392947e+00  3.98107171e+06 -2.05096636e+00 
 4.07380278e+06  1.69399453e+00  4.07380278e+06 -2.06438851e+00 
 4.16869383e+06  1.49399780e+00  4.16869383e+06 -2.07801597e+00 
 4.26579519e+06  1.29393994e+00  4.26579519e+06 -2.09185227e+00 
 4.36515832e+06  1.09382150e+00  4.36515832e+06 -2.10590083e+00 
 4.46683592e+06  8.93642978e-01  4.46683592e+06 -2.12016496e+00 
 4.57088190e+06  6.93404805e-01  4.57088190e+06 -2.13464784e+00 
 4.67735141e+06  4.93107346e-01  4.67735141e+06 -2.14935251e+00 
 4.78630092e+06  2.92750911e-01  4.78630092e+06 -2.16428185e+00 
 4.89778819e+06  9.23357613e-02  4.89778819e+06 -2.17943859e+00 
 5.01187234e+06 -1.08137889e-01  5.01187234e+06 -2.19482531e+00 
 5.12861384e+06 -3.08669865e-01  5.12861384e+06 -2.21044435e+00 
 5.24807460e+06 -5.09260027e-01  5.24807460e+06 -2.22629792e+00 
 5.37031796e+06 -7.09908261e-01  5.37031796e+06 -2.24238797e+00 
 5.49540874e+06 -9.10614481e-01  5.49540874e+06 -2.25871626e+00 
 5.62341325e+06 -1.11137861e+00  5.62341325e+06 -2.27528430e+00 
 5.75439937e+06 -1.31220060e+00  5.75439937e+06 -2.29209335e+00 
 5.88843655e+06 -1.51308038e+00  5.88843655e+06 -2.30914442e+00 
 6.02559586e+06 -1.71401789e+00  6.02559586e+06 -2.32643824e+00 
 6.16595002e+06 -1.91501308e+00  6.16595002e+06 -2.34397525e+00 
 6.30957344e+06 -2.11606585e+00  6.30957344e+06 -2.36175559e+00 
 6.45654229e+06 -2.31717611e+00  6.45654229e+06 -2.37977908e+00 
 6.60693448e+06 -2.51834372e+00  6.60693448e+06 -2.39804523e+00 
 6.76082975e+06 -2.71956852e+00  6.76082975e+06 -2.41655319e+00 
 6.91830971e+06 -2.92085030e+00  6.91830971e+06 -2.43530176e+00 
 7.07945784e+06 -3.12218881e+00  7.07945784e+06 -2.45428938e+00 
 7.24435960e+06 -3.32358372e+00  7.24435960e+06 -2.47351410e+00 
 7.41310241e+06 -3.52503468e+00  7.41310241e+06 -2.49297360e+00 
 7.58577575e+06 -3.72654123e+00  7.58577575e+06 -2.51266516e+00 
 7.76247117e+06 -3.92810286e+00  7.76247117e+06 -2.53258565e+00 
 7.94328235e+06 -4.12971898e+00  7.94328235e+06 -2.55273151e+00 
 8.12830516e+06 -4.33138890e+00  8.12830516e+06 -2.57309878e+00 
 8.31763771e+06 -4.53311185e+00  8.31763771e+06 -2.59368307e+00 
 8.51138038e+06 -4.73488697e+00  8.51138038e+06 -2.61447955e+00 
 8.70963590e+06 -4.93671327e+00  8.70963590e+06 -2.63548296e+00 
 8.91250938e+06 -5.13858970e+00  8.91250938e+06 -2.65668760e+00 
 9.12010839e+06 -5.34051506e+00  9.12010839e+06 -2.67808734e+00 
 9.33254301e+06 -5.54248807e+00  9.33254301e+06 -2.69967562e+00 
 9.54992586e+06 -5.74450732e+00  9.54992586e+06 -2.72144544e+00 
 9.77237221e+06 -5.94657129e+00  9.77237221e+06 -2.74338937e+00 
 1.00000000e+07 -6.14867836e+00  1.00000000e+07 -2.76549959e+00 
