 1.00000000e+03  2.35180607e+01  1.00000000e+03 -3.12287248e-03 
 1.02329299e+03  2.35180589e+01  1.02329299e+03 -3.19561310e-03 
 1.04712855e+03  2.35180570e+01  1.04712855e+03 -3.27004803e-03 
 1.07151931e+03  2.35180550e+01  1.07151931e+03 -3.34621675e-03 
 1.09647820e+03  2.35180529e+01  1.09647820e+03 -3.42415962e-03 
 1.12201845e+03  2.35180507e+01  1.12201845e+03 -3.50391799e-03 
 1.14815362e+03  2.35180484e+01  1.14815362e+03 -3.58553412e-03 
 1.17489755e+03  2.35180460e+01  1.17489755e+03 -3.66905129e-03 
 1.20226443e+03  2.35180435e+01  1.20226443e+03 -3.75451378e-03 
 1.23026877e+03  2.35180409e+01  1.23026877e+03 -3.84196690e-03 
 1.25892541e+03  2.35180381e+01  1.25892541e+03 -3.93145701e-03 
 1.28824955e+03  2.35180352e+01  1.28824955e+03 -4.02303156e-03 
 1.31825674e+03  2.35180322e+01  1.31825674e+03 -4.11673909e-03 
 1.34896288e+03  2.35180290e+01  1.34896288e+03 -4.21262929e-03 
 1.38038426e+03  2.35180257e+01  1.38038426e+03 -4.31075298e-03 
 1.41253754e+03  2.35180223e+01  1.41253754e+03 -4.41116220e-03 
 1.44543977e+03  2.35180186e+01  1.44543977e+03 -4.51391016e-03 
 1.47910839e+03  2.35180148e+01  1.47910839e+03 -4.61905135e-03 
 1.51356125e+03  2.35180108e+01  1.51356125e+03 -4.72664150e-03 
 1.54881662e+03  2.35180067e+01  1.54881662e+03 -4.83673764e-03 
 1.58489319e+03  2.35180023e+01  1.58489319e+03 -4.94939815e-03 
 1.62181010e+03  2.35179977e+01  1.62181010e+03 -5.06468274e-03 
 1.65958691e+03  2.35179929e+01  1.65958691e+03 -5.18265254e-03 
 1.69824365e+03  2.35179879e+01  1.69824365e+03 -5.30337008e-03 
 1.73780083e+03  2.35179827e+01  1.73780083e+03 -5.42689935e-03 
 1.77827941e+03  2.35179772e+01  1.77827941e+03 -5.55330583e-03 
 1.81970086e+03  2.35179714e+01  1.81970086e+03 -5.68265655e-03 
 1.86208714e+03  2.35179654e+01  1.86208714e+03 -5.81502005e-03 
 1.90546072e+03  2.35179591e+01  1.90546072e+03 -5.95046652e-03 
 1.94984460e+03  2.35179525e+01  1.94984460e+03 -6.08906774e-03 
 1.99526231e+03  2.35179456e+01  1.99526231e+03 -6.23089718e-03 
 2.04173794e+03  2.35179383e+01  2.04173794e+03 -6.37603004e-03 
 2.08929613e+03  2.35179307e+01  2.08929613e+03 -6.52454323e-03 
 2.13796209e+03  2.35179228e+01  2.13796209e+03 -6.67651547e-03 
 2.18776162e+03  2.35179144e+01  2.18776162e+03 -6.83202733e-03 
 2.23872114e+03  2.35179057e+01  2.23872114e+03 -6.99116122e-03 
 2.29086765e+03  2.35178966e+01  2.29086765e+03 -7.15400150e-03 
 2.34422882e+03  2.35178871e+01  2.34422882e+03 -7.32063448e-03 
 2.39883292e+03  2.35178771e+01  2.39883292e+03 -7.49114847e-03 
 2.45470892e+03  2.35178666e+01  2.45470892e+03 -7.66563384e-03 
 2.51188643e+03  2.35178556e+01  2.51188643e+03 -7.84418309e-03 
 2.57039578e+03  2.35178441e+01  2.57039578e+03 -8.02689083e-03 
 2.63026799e+03  2.35178321e+01  2.63026799e+03 -8.21385389e-03 
 2.69153480e+03  2.35178195e+01  2.69153480e+03 -8.40517137e-03 
 2.75422870e+03  2.35178063e+01  2.75422870e+03 -8.60094464e-03 
 2.81838293e+03  2.35177925e+01  2.81838293e+03 -8.80127747e-03 
 2.88403150e+03  2.35177780e+01  2.88403150e+03 -9.00627602e-03 
 2.95120923e+03  2.35177629e+01  2.95120923e+03 -9.21604891e-03 
 3.01995172e+03  2.35177470e+01  3.01995172e+03 -9.43070730e-03 
 3.09029543e+03  2.35177304e+01  3.09029543e+03 -9.65036495e-03 
 3.16227766e+03  2.35177131e+01  3.16227766e+03 -9.87513824e-03 
 3.23593657e+03  2.35176949e+01  3.23593657e+03 -1.01051463e-02 
 3.31131121e+03  2.35176758e+01  3.31131121e+03 -1.03405109e-02 
 3.38844156e+03  2.35176558e+01  3.38844156e+03 -1.05813569e-02 
 3.46736850e+03  2.35176349e+01  3.46736850e+03 -1.08278118e-02 
 3.54813389e+03  2.35176131e+01  3.54813389e+03 -1.10800061e-02 
 3.63078055e+03  2.35175901e+01  3.63078055e+03 -1.13380736e-02 
 3.71535229e+03  2.35175661e+01  3.71535229e+03 -1.16021508e-02 
 3.80189396e+03  2.35175410e+01  3.80189396e+03 -1.18723778e-02 
 3.89045145e+03  2.35175147e+01  3.89045145e+03 -1.21488975e-02 
 3.98107171e+03  2.35174871e+01  3.98107171e+03 -1.24318566e-02 
 4.07380278e+03  2.35174583e+01  4.07380278e+03 -1.27214049e-02 
 4.16869383e+03  2.35174281e+01  4.16869383e+03 -1.30176956e-02 
 4.26579519e+03  2.35173965e+01  4.26579519e+03 -1.33208858e-02 
 4.36515832e+03  2.35173633e+01  4.36515832e+03 -1.36311360e-02 
 4.46683592e+03  2.35173287e+01  4.46683592e+03 -1.39486105e-02 
 4.57088190e+03  2.35172923e+01  4.57088190e+03 -1.42734774e-02 
 4.67735141e+03  2.35172543e+01  4.67735141e+03 -1.46059087e-02 
 4.78630092e+03  2.35172145e+01  4.78630092e+03 -1.49460804e-02 
 4.89778819e+03  2.35171728e+01  4.89778819e+03 -1.52941725e-02 
 5.01187234e+03  2.35171291e+01  5.01187234e+03 -1.56503695e-02 
 5.12861384e+03  2.35170834e+01  5.12861384e+03 -1.60148598e-02 
 5.24807460e+03  2.35170355e+01  5.24807460e+03 -1.63878363e-02 
 5.37031796e+03  2.35169854e+01  5.37031796e+03 -1.67694964e-02 
 5.49540874e+03  2.35169329e+01  5.49540874e+03 -1.71600421e-02 
 5.62341325e+03  2.35168779e+01  5.62341325e+03 -1.75596801e-02 
 5.75439937e+03  2.35168204e+01  5.75439937e+03 -1.79686218e-02 
 5.88843655e+03  2.35167601e+01  5.88843655e+03 -1.83870835e-02 
 6.02559586e+03  2.35166970e+01  6.02559586e+03 -1.88152867e-02 
 6.16595002e+03  2.35166309e+01  6.16595002e+03 -1.92534578e-02 
 6.30957344e+03  2.35165618e+01  6.30957344e+03 -1.97018285e-02 
 6.45654229e+03  2.35164893e+01  6.45654229e+03 -2.01606360e-02 
 6.60693448e+03  2.35164134e+01  6.60693448e+03 -2.06301228e-02 
 6.76082975e+03  2.35163340e+01  6.76082975e+03 -2.11105371e-02 
 6.91830971e+03  2.35162508e+01  6.91830971e+03 -2.16021330e-02 
 7.07945784e+03  2.35161637e+01  7.07945784e+03 -2.21051702e-02 
 7.24435960e+03  2.35160725e+01  7.24435960e+03 -2.26199145e-02 
 7.41310241e+03  2.35159770e+01  7.41310241e+03 -2.31466380e-02 
 7.58577575e+03  2.35158770e+01  7.58577575e+03 -2.36856188e-02 
 7.76247117e+03  2.35157723e+01  7.76247117e+03 -2.42371418e-02 
 7.94328235e+03  2.35156627e+01  7.94328235e+03 -2.48014980e-02 
 8.12830516e+03  2.35155479e+01  8.12830516e+03 -2.53789855e-02 
 8.31763771e+03  2.35154277e+01  8.31763771e+03 -2.59699092e-02 
 8.51138038e+03  2.35153018e+01  8.51138038e+03 -2.65745809e-02 
 8.70963590e+03  2.35151700e+01  8.70963590e+03 -2.71933197e-02 
 8.91250938e+03  2.35150320e+01  8.91250938e+03 -2.78264520e-02 
 9.12010839e+03  2.35148875e+01  9.12010839e+03 -2.84743117e-02 
 9.33254301e+03  2.35147362e+01  9.33254301e+03 -2.91372404e-02 
 9.54992586e+03  2.35145777e+01  9.54992586e+03 -2.98155876e-02 
 9.77237221e+03  2.35144118e+01  9.77237221e+03 -3.05097109e-02 
 1.00000000e+04  2.35142381e+01  1.00000000e+04 -3.12199758e-02 
 1.02329299e+04  2.35140563e+01  1.02329299e+04 -3.19467565e-02 
 1.04712855e+04  2.35138658e+01  1.04712855e+04 -3.26904356e-02 
 1.07151931e+04  2.35136664e+01  1.07151931e+04 -3.34514047e-02 
 1.09647820e+04  2.35134576e+01  1.09647820e+04 -3.42300640e-02 
 1.12201845e+04  2.35132389e+01  1.12201845e+04 -3.50268232e-02 
 1.14815362e+04  2.35130100e+01  1.14815362e+04 -3.58421012e-02 
 1.17489755e+04  2.35127703e+01  1.17489755e+04 -3.66763265e-02 
 1.20226443e+04  2.35125193e+01  1.20226443e+04 -3.75299374e-02 
 1.23026877e+04  2.35122565e+01  1.23026877e+04 -3.84033820e-02 
 1.25892541e+04  2.35119813e+01  1.25892541e+04 -3.92971190e-02 
 1.28824955e+04  2.35116932e+01  1.28824955e+04 -4.02116171e-02 
 1.31825674e+04  2.35113915e+01  1.31825674e+04 -4.11473560e-02 
 1.34896288e+04  2.35110757e+01  1.34896288e+04 -4.21048260e-02 
 1.38038426e+04  2.35107449e+01  1.38038426e+04 -4.30845287e-02 
 1.41253754e+04  2.35103986e+01  1.41253754e+04 -4.40869770e-02 
 1.44543977e+04  2.35100361e+01  1.44543977e+04 -4.51126954e-02 
 1.47910839e+04  2.35096564e+01  1.47910839e+04 -4.61622202e-02 
 1.51356125e+04  2.35092589e+01  1.51356125e+04 -4.72360999e-02 
 1.54881662e+04  2.35088427e+01  1.54881662e+04 -4.83348951e-02 
 1.58489319e+04  2.35084070e+01  1.58489319e+04 -4.94591793e-02 
 1.62181010e+04  2.35079507e+01  1.62181010e+04 -5.06095386e-02 
 1.65958691e+04  2.35074730e+01  1.65958691e+04 -5.17865723e-02 
 1.69824365e+04  2.35069728e+01  1.69824365e+04 -5.29908933e-02 
 1.73780083e+04  2.35064492e+01  1.73780083e+04 -5.42231278e-02 
 1.77827941e+04  2.35059009e+01  1.77827941e+04 -5.54839161e-02 
 1.81970086e+04  2.35053268e+01  1.81970086e+04 -5.67739128e-02 
 1.86208714e+04  2.35047258e+01  1.86208714e+04 -5.80937869e-02 
 1.90546072e+04  2.35040965e+01  1.90546072e+04 -5.94442222e-02 
 1.94984460e+04  2.35034377e+01  1.94984460e+04 -6.08259175e-02 
 1.99526231e+04  2.35027480e+01  1.99526231e+04 -6.22395871e-02 
 2.04173794e+04  2.35020258e+01  2.04173794e+04 -6.36859608e-02 
 2.08929613e+04  2.35012698e+01  2.08929613e+04 -6.51657844e-02 
 2.13796209e+04  2.35004782e+01  2.13796209e+04 -6.66798199e-02 
 2.18776162e+04  2.34996495e+01  2.18776162e+04 -6.82288460e-02 
 2.23872114e+04  2.34987819e+01  2.23872114e+04 -6.98136580e-02 
 2.29086765e+04  2.34978736e+01  2.29086765e+04 -7.14350685e-02 
 2.34422882e+04  2.34969228e+01  2.34422882e+04 -7.30939074e-02 
 2.39883292e+04  2.34959273e+01  2.39883292e+04 -7.47910226e-02 
 2.45470892e+04  2.34948851e+01  2.45470892e+04 -7.65272798e-02 
 2.51188643e+04  2.34937941e+01  2.51188643e+04 -7.83035632e-02 
 2.57039578e+04  2.34926520e+01  2.57039578e+04 -8.01207754e-02 
 2.63026799e+04  2.34914564e+01  2.63026799e+04 -8.19798381e-02 
 2.69153480e+04  2.34902048e+01  2.69153480e+04 -8.38816925e-02 
 2.75422870e+04  2.34888946e+01  2.75422870e+04 -8.58272988e-02 
 2.81838293e+04  2.34875230e+01  2.81838293e+04 -8.78176374e-02 
 2.88403150e+04  2.34860873e+01  2.88403150e+04 -8.98537087e-02 
 2.95120923e+04  2.34845844e+01  2.95120923e+04 -9.19365334e-02 
 3.01995172e+04  2.34830113e+01  3.01995172e+04 -9.40671529e-02 
 3.09029543e+04  2.34813646e+01  3.09029543e+04 -9.62466296e-02 
 3.16227766e+04  2.34796410e+01  3.16227766e+04 -9.84760470e-02 
 3.23593657e+04  2.34778369e+01  3.23593657e+04 -1.00756510e-01 
 3.31131121e+04  2.34759485e+01  3.31131121e+04 -1.03089145e-01 
 3.38844156e+04  2.34739721e+01  3.38844156e+04 -1.05475101e-01 
 3.46736850e+04  2.34719035e+01  3.46736850e+04 -1.07915547e-01 
 3.54813389e+04  2.34697384e+01  3.54813389e+04 -1.10411678e-01 
 3.63078055e+04  2.34674724e+01  3.63078055e+04 -1.12964707e-01 
 3.71535229e+04  2.34651010e+01  3.71535229e+04 -1.15575873e-01 
 3.80189396e+04  2.34626191e+01  3.80189396e+04 -1.18246437e-01 
 3.89045145e+04  2.34600218e+01  3.89045145e+04 -1.20977681e-01 
 3.98107171e+04  2.34573038e+01  3.98107171e+04 -1.23770913e-01 
 4.07380278e+04  2.34544595e+01  4.07380278e+04 -1.26627461e-01 
 4.16869383e+04  2.34514831e+01  4.16869383e+04 -1.29548678e-01 
 4.26579519e+04  2.34483686e+01  4.26579519e+04 -1.32535939e-01 
 4.36515832e+04  2.34451098e+01  4.36515832e+04 -1.35590643e-01 
 4.46683592e+04  2.34417000e+01  4.46683592e+04 -1.38714211e-01 
 4.57088190e+04  2.34381324e+01  4.57088190e+04 -1.41908087e-01 
 4.67735141e+04  2.34343997e+01  4.67735141e+04 -1.45173739e-01 
 4.78630092e+04  2.34304946e+01  4.78630092e+04 -1.48512655e-01 
 4.89778819e+04  2.34264092e+01  4.89778819e+04 -1.51926347e-01 
 5.01187234e+04  2.34221354e+01  5.01187234e+04 -1.55416349e-01 
 5.12861384e+04  2.34176646e+01  5.12861384e+04 -1.58984214e-01 
 5.24807460e+04  2.34129881e+01  5.24807460e+04 -1.62631521e-01 
 5.37031796e+04  2.34080966e+01  5.37031796e+04 -1.66359864e-01 
 5.49540874e+04  2.34029804e+01  5.49540874e+04 -1.70170862e-01 
 5.62341325e+04  2.33976296e+01  5.62341325e+04 -1.74066149e-01 
 5.75439937e+04  2.33920337e+01  5.75439937e+04 -1.78047381e-01 
 5.88843655e+04  2.33861817e+01  5.88843655e+04 -1.82116231e-01 
 6.02559586e+04  2.33800624e+01  6.02559586e+04 -1.86274388e-01 
 6.16595002e+04  2.33736639e+01  6.16595002e+04 -1.90523558e-01 
 6.30957344e+04  2.33669740e+01  6.30957344e+04 -1.94865461e-01 
 6.45654229e+04  2.33599798e+01  6.45654229e+04 -1.99301831e-01 
 6.60693448e+04  2.33526680e+01  6.60693448e+04 -2.03834416e-01 
 6.76082975e+04  2.33450248e+01  6.76082975e+04 -2.08464972e-01 
 6.91830971e+04  2.33370358e+01  6.91830971e+04 -2.13195265e-01 
 7.07945784e+04  2.33286860e+01  7.07945784e+04 -2.18027072e-01 
 7.24435960e+04  2.33199598e+01  7.24435960e+04 -2.22962170e-01 
 7.41310241e+04  2.33108412e+01  7.41310241e+04 -2.28002345e-01 
 7.58577575e+04  2.33013133e+01  7.58577575e+04 -2.33149382e-01 
 7.76247117e+04  2.32913586e+01  7.76247117e+04 -2.38405066e-01 
 7.94328235e+04  2.32809593e+01  7.94328235e+04 -2.43771178e-01 
 8.12830516e+04  2.32700964e+01  8.12830516e+04 -2.49249495e-01 
 8.31763771e+04  2.32587507e+01  8.31763771e+04 -2.54841783e-01 
 8.51138038e+04  2.32469019e+01  8.51138038e+04 -2.60549799e-01 
 8.70963590e+04  2.32345292e+01  8.70963590e+04 -2.66375284e-01 
 8.91250938e+04  2.32216111e+01  8.91250938e+04 -2.72319960e-01 
 9.12010839e+04  2.32081253e+01  9.12010839e+04 -2.78385529e-01 
 9.33254301e+04  2.31940486e+01  9.33254301e+04 -2.84573666e-01 
 9.54992586e+04  2.31793573e+01  9.54992586e+04 -2.90886016e-01 
 9.77237221e+04  2.31640266e+01  9.77237221e+04 -2.97324193e-01 
 1.00000000e+05  2.31480312e+01  1.00000000e+05 -3.03889771e-01 
 1.02329299e+05  2.31313449e+01  1.02329299e+05 -3.10584279e-01 
 1.04712855e+05  2.31139406e+01  1.04712855e+05 -3.17409204e-01 
 1.07151931e+05  2.30957905e+01  1.07151931e+05 -3.24365974e-01 
 1.09647820e+05  2.30768660e+01  1.09647820e+05 -3.31455964e-01 
 1.12201845e+05  2.30571375e+01  1.12201845e+05 -3.38680482e-01 
 1.14815362e+05  2.30365749e+01  1.14815362e+05 -3.46040770e-01 
 1.17489755e+05  2.30151470e+01  1.17489755e+05 -3.53537994e-01 
 1.20226443e+05  2.29928220e+01  1.20226443e+05 -3.61173238e-01 
 1.23026877e+05  2.29695672e+01  1.23026877e+05 -3.68947499e-01 
 1.25892541e+05  2.29453492e+01  1.25892541e+05 -3.76861683e-01 
 1.28824955e+05  2.29201337e+01  1.28824955e+05 -3.84916595e-01 
 1.31825674e+05  2.28938858e+01  1.31825674e+05 -3.93112931e-01 
 1.34896288e+05  2.28665698e+01  1.34896288e+05 -4.01451278e-01 
 1.38038426e+05  2.28381494e+01  1.38038426e+05 -4.09932101e-01 
 1.41253754e+05  2.28085876e+01  1.41253754e+05 -4.18555738e-01 
 1.44543977e+05  2.27778467e+01  1.44543977e+05 -4.27322395e-01 
 1.47910839e+05  2.27458886e+01  1.47910839e+05 -4.36232138e-01 
 1.51356125e+05  2.27126744e+01  1.51356125e+05 -4.45284886e-01 
 1.54881662e+05  2.26781650e+01  1.54881662e+05 -4.54480404e-01 
 1.58489319e+05  2.26423207e+01  1.58489319e+05 -4.63818299e-01 
 1.62181010e+05  2.26051015e+01  1.62181010e+05 -4.73298011e-01 
 1.65958691e+05  2.25664671e+01  1.65958691e+05 -4.82918809e-01 
 1.69824365e+05  2.25263769e+01  1.69824365e+05 -4.92679783e-01 
 1.73780083e+05  2.24847901e+01  1.73780083e+05 -5.02579842e-01 
 1.77827941e+05  2.24416660e+01  1.77827941e+05 -5.12617708e-01 
 1.81970086e+05  2.23969638e+01  1.81970086e+05 -5.22791909e-01 
 1.86208714e+05  2.23506428e+01  1.86208714e+05 -5.33100778e-01 
 1.90546072e+05  2.23026625e+01  1.90546072e+05 -5.43542448e-01 
 1.94984460e+05  2.22529826e+01  1.94984460e+05 -5.54114851e-01 
 1.99526231e+05  2.22015633e+01  1.99526231e+05 -5.64815713e-01 
 2.04173794e+05  2.21483652e+01  2.04173794e+05 -5.75642556e-01 
 2.08929613e+05  2.20933497e+01  2.08929613e+05 -5.86592695e-01 
 2.13796209e+05  2.20364786e+01  2.13796209e+05 -5.97663239e-01 
 2.18776162e+05  2.19777148e+01  2.18776162e+05 -6.08851093e-01 
 2.23872114e+05  2.19170219e+01  2.23872114e+05 -6.20152958e-01 
 2.29086765e+05  2.18543647e+01  2.29086765e+05 -6.31565335e-01 
 2.34422882e+05  2.17897091e+01  2.34422882e+05 -6.43084531e-01 
 2.39883292e+05  2.17230224e+01  2.39883292e+05 -6.54706659e-01 
 2.45470892e+05  2.16542732e+01  2.45470892e+05 -6.66427649e-01 
 2.51188643e+05  2.15834315e+01  2.51188643e+05 -6.78243252e-01 
 2.57039578e+05  2.15104690e+01  2.57039578e+05 -6.90149049e-01 
 2.63026799e+05  2.14353592e+01  2.63026799e+05 -7.02140458e-01 
 2.69153480e+05  2.13580774e+01  2.69153480e+05 -7.14212747e-01 
 2.75422870e+05  2.12786006e+01  2.75422870e+05 -7.26361041e-01 
 2.81838293e+05  2.11969080e+01  2.81838293e+05 -7.38580338e-01 
 2.88403150e+05  2.11129808e+01  2.88403150e+05 -7.50865517e-01 
 2.95120923e+05  2.10268025e+01  2.95120923e+05 -7.63211354e-01 
 3.01995172e+05  2.09383586e+01  3.01995172e+05 -7.75612536e-01 
 3.09029543e+05  2.08476370e+01  3.09029543e+05 -7.88063674e-01 
 3.16227766e+05  2.07546280e+01  3.16227766e+05 -8.00559319e-01 
 3.23593657e+05  2.06593242e+01  3.23593657e+05 -8.13093977e-01 
 3.31131121e+05  2.05617205e+01  3.31131121e+05 -8.25662126e-01 
 3.38844156e+05  2.04618144e+01  3.38844156e+05 -8.38258233e-01 
 3.46736850e+05  2.03596059e+01  3.46736850e+05 -8.50876768e-01 
 3.54813389e+05  2.02550971e+01  3.54813389e+05 -8.63512220e-01 
 3.63078055e+05  2.01482929e+01  3.63078055e+05 -8.76159117e-01 
 3.71535229e+05  2.00392003e+01  3.71535229e+05 -8.88812040e-01 
 3.80189396e+05  1.99278290e+01  3.80189396e+05 -9.01465638e-01 
 3.89045145e+05  1.98141907e+01  3.89045145e+05 -9.14114648e-01 
 3.98107171e+05  1.96982997e+01  3.98107171e+05 -9.26753902e-01 
 4.07380278e+05  1.95801723e+01  4.07380278e+05 -9.39378352e-01 
 4.16869383e+05  1.94598270e+01  4.16869383e+05 -9.51983075e-01 
 4.26579519e+05  1.93372845e+01  4.26579519e+05 -9.64563293e-01 
 4.36515832e+05  1.92125675e+01  4.36515832e+05 -9.77114382e-01 
 4.46683592e+05  1.90857004e+01  4.46683592e+05 -9.89631885e-01 
 4.57088190e+05  1.89567097e+01  4.57088190e+05 -1.00211152e+00 
 4.67735141e+05  1.88256235e+01  4.67735141e+05 -1.01454920e+00 
 4.78630092e+05  1.86924715e+01  4.78630092e+05 -1.02694103e+00 
 4.89778819e+05  1.85572849e+01  4.89778819e+05 -1.03928331e+00 
 5.01187234e+05  1.84200963e+01  5.01187234e+05 -1.05157258e+00 
 5.12861384e+05  1.82809397e+01  5.12861384e+05 -1.06380557e+00 
 5.24807460e+05  1.81398502e+01  5.24807460e+05 -1.07597924e+00 
 5.37031796e+05  1.79968638e+01  5.37031796e+05 -1.08809079e+00 
 5.49540874e+05  1.78520178e+01  5.49540874e+05 -1.10013764e+00 
 5.62341325e+05  1.77053500e+01  5.62341325e+05 -1.11211745e+00 
 5.75439937e+05  1.75568991e+01  5.75439937e+05 -1.12402811e+00 
 5.88843655e+05  1.74067042e+01  5.88843655e+05 -1.13586774e+00 
 6.02559586e+05  1.72548053e+01  6.02559586e+05 -1.14763472e+00 
 6.16595002e+05  1.71012423e+01  6.16595002e+05 -1.15932762e+00 
 6.30957344e+05  1.69460557e+01  6.30957344e+05 -1.17094528e+00 
 6.45654229e+05  1.67892862e+01  6.45654229e+05 -1.18248677e+00 
 6.60693448e+05  1.66309744e+01  6.60693448e+05 -1.19395136e+00 
 6.76082975e+05  1.64711611e+01  6.76082975e+05 -1.20533856e+00 
 6.91830971e+05  1.63098870e+01  6.91830971e+05 -1.21664810e+00 
 7.07945784e+05  1.61471926e+01  7.07945784e+05 -1.22787993e+00 
 7.24435960e+05  1.59831181e+01  7.24435960e+05 -1.23903420e+00 
 7.41310241e+05  1.58177034e+01  7.41310241e+05 -1.25011125e+00 
 7.58577575e+05  1.56509883e+01  7.58577575e+05 -1.26111166e+00 
 7.76247117e+05  1.54830119e+01  7.76247117e+05 -1.27203617e+00 
 7.94328235e+05  1.53138128e+01  7.94328235e+05 -1.28288571e+00 
 8.12830516e+05  1.51434293e+01  8.12830516e+05 -1.29366141e+00 
 8.31763771e+05  1.49718989e+01  8.31763771e+05 -1.30436456e+00 
 8.51138038e+05  1.47992586e+01  8.51138038e+05 -1.31499662e+00 
 8.70963590e+05  1.46255447e+01  8.70963590e+05 -1.32555921e+00 
 8.91250938e+05  1.44507928e+01  8.91250938e+05 -1.33605411e+00 
 9.12010839e+05  1.42750378e+01  9.12010839e+05 -1.34648326e+00 
 9.33254301e+05  1.40983138e+01  9.33254301e+05 -1.35684872e+00 
 9.54992586e+05  1.39206542e+01  9.54992586e+05 -1.36715271e+00 
 9.77237221e+05  1.37420917e+01  9.77237221e+05 -1.37739757e+00 
 1.00000000e+06  1.35626579e+01  1.00000000e+06 -1.38758577e+00 
 1.02329299e+06  1.33823841e+01  1.02329299e+06 -1.39771989e+00 
 1.04712855e+06  1.32013002e+01  1.04712855e+06 -1.40780264e+00 
 1.07151931e+06  1.30194358e+01  1.07151931e+06 -1.41783682e+00 
 1.09647820e+06  1.28368192e+01  1.09647820e+06 -1.42782535e+00 
 1.12201845e+06  1.26534784e+01  1.12201845e+06 -1.43777125e+00 
 1.14815362e+06  1.24694401e+01  1.14815362e+06 -1.44767761e+00 
 1.17489755e+06  1.22847306e+01  1.17489755e+06 -1.45754763e+00 
 1.20226443e+06  1.20993750e+01  1.20226443e+06 -1.46738460e+00 
 1.23026877e+06  1.19133978e+01  1.23026877e+06 -1.47719187e+00 
 1.25892541e+06  1.17268228e+01  1.25892541e+06 -1.48697288e+00 
 1.28824955e+06  1.15396729e+01  1.28824955e+06 -1.49673114e+00 
 1.31825674e+06  1.13519702e+01  1.31825674e+06 -1.50647023e+00 
 1.34896288e+06  1.11637361e+01  1.34896288e+06 -1.51619380e+00 
 1.38038426e+06  1.09749913e+01  1.38038426e+06 -1.52590554e+00 
 1.41253754e+06  1.07857556e+01  1.41253754e+06 -1.53560922e+00 
 1.44543977e+06  1.05960483e+01  1.44543977e+06 -1.54530867e+00 
 1.47910839e+06  1.04058879e+01  1.47910839e+06 -1.55500776e+00 
 1.51356125e+06  1.02152922e+01  1.51356125e+06 -1.56471042e+00 
 1.54881662e+06  1.00242783e+01  1.54881662e+06 -1.57442062e+00 
 1.58489319e+06  9.83286274e+00  1.58489319e+06 -1.58414239e+00 
 1.62181010e+06  9.64106138e+00  1.62181010e+06 -1.59387979e+00 
 1.65958691e+06  9.44888947e+00  1.65958691e+06 -1.60363692e+00 
 1.69824365e+06  9.25636165e+00  1.69824365e+06 -1.61341794e+00 
 1.73780083e+06  9.06349198e+00  1.73780083e+06 -1.62322703e+00 
 1.77827941e+06  8.87029393e+00  1.77827941e+06 -1.63306841e+00 
 1.81970086e+06  8.67678046e+00  1.81970086e+06 -1.64294634e+00 
 1.86208714e+06  8.48296396e+00  1.86208714e+06 -1.65286510e+00 
 1.90546072e+06  8.28885631e+00  1.90546072e+06 -1.66282903e+00 
 1.94984460e+06  8.09446888e+00  1.94984460e+06 -1.67284246e+00 
 1.99526231e+06  7.89981257e+00  1.99526231e+06 -1.68290978e+00 
 2.04173794e+06  7.70489778e+00  2.04173794e+06 -1.69303539e+00 
 2.08929613e+06  7.50973447e+00  2.08929613e+06 -1.70322372e+00 
 2.13796209e+06  7.31433215e+00  2.13796209e+06 -1.71347923e+00 
 2.18776162e+06  7.11869991e+00  2.18776162e+06 -1.72380639e+00 
 2.23872114e+06  6.92284640e+00  2.23872114e+06 -1.73420970e+00 
 2.29086765e+06  6.72677989e+00  2.29086765e+06 -1.74469367e+00 
 2.34422882e+06  6.53050826e+00  2.34422882e+06 -1.75526282e+00 
 2.39883292e+06  6.33403901e+00  2.39883292e+06 -1.76592171e+00 
 2.45470892e+06  6.13737927e+00  2.45470892e+06 -1.77667490e+00 
 2.51188643e+06  5.94053582e+00  2.51188643e+06 -1.78752694e+00 
 2.57039578e+06  5.74351513e+00  2.57039578e+06 -1.79848241e+00 
 2.63026799e+06  5.54632330e+00  2.63026799e+06 -1.80954591e+00 
 2.69153480e+06  5.34896614e+00  2.69153480e+06 -1.82072201e+00 
 2.75422870e+06  5.15144915e+00  2.75422870e+06 -1.83201529e+00 
 2.81838293e+06  4.95377753e+00  2.81838293e+06 -1.84343035e+00 
 2.88403150e+06  4.75595621e+00  2.88403150e+06 -1.85497176e+00 
 2.95120923e+06  4.55798983e+00  2.95120923e+06 -1.86664409e+00 
 3.01995172e+06  4.35988277e+00  3.01995172e+06 -1.87845190e+00 
 3.09029543e+06  4.16163916e+00  3.09029543e+06 -1.89039972e+00 
 3.16227766e+06  3.96326288e+00  3.16227766e+06 -1.90249208e+00 
 3.23593657e+06  3.76475758e+00  3.23593657e+06 -1.91473347e+00 
 3.31131121e+06  3.56612667e+00  3.31131121e+06 -1.92712835e+00 
 3.38844156e+06  3.36737336e+00  3.38844156e+06 -1.93968117e+00 
 3.46736850e+06  3.16850062e+00  3.46736850e+06 -1.95239630e+00 
 3.54813389e+06  2.96951125e+00  3.54813389e+06 -1.96527810e+00 
 3.63078055e+06  2.77040783e+00  3.63078055e+06 -1.97833085e+00 
 3.71535229e+06  2.57119276e+00  3.71535229e+06 -1.99155880e+00 
 3.80189396e+06  2.37186829e+00  3.80189396e+06 -2.00496611e+00 
 3.89045145e+06  2.17243645e+00  3.89045145e+06 -2.01855688e+00 
 3.98107171e+06  1.97289915e+00  3.98107171e+06 -2.03233513e+00 
 4.07380278e+06  1.77325812e+00  4.07380278e+06 -2.04630480e+00 
 4.16869383e+06  1.57351495e+00  4.16869383e+06 -2.06046971e+00 
 4.26579519e+06  1.37367110e+00  4.26579519e+06 -2.07483359e+00 
 4.36515832e+06  1.17372789e+00  4.36515832e+06 -2.08940007e+00 
 4.46683592e+06  9.73686513e-01  4.46683592e+06 -2.10417262e+00 
 4.57088190e+06  7.73548055e-01  4.57088190e+06 -2.11915462e+00 
 4.67735141e+06  5.73313491e-01  4.67735141e+06 -2.13434927e+00 
 4.78630092e+06  3.72983697e-01  4.78630092e+06 -2.14975962e+00 
 4.89778819e+06  1.72559461e-01  4.89778819e+06 -2.16538858e+00 
 5.01187234e+06 -2.79585131e-02  5.01187234e+06 -2.18123885e+00 
 5.12861384e+06 -2.28569595e-01  5.12861384e+06 -2.19731294e+00 
 5.24807460e+06 -4.29273219e-01  5.24807460e+06 -2.21361319e+00 
 5.37031796e+06 -6.30068873e-01  5.37031796e+06 -2.23014170e+00 
 5.49540874e+06 -8.30956094e-01  5.49540874e+06 -2.24690033e+00 
 5.62341325e+06 -1.03193445e+00  5.62341325e+06 -2.26389072e+00 
 5.75439937e+06 -1.23300355e+00  5.75439937e+06 -2.28111426e+00 
 5.88843655e+06 -1.43416301e+00  5.88843655e+06 -2.29857205e+00 
 6.02559586e+06 -1.63541245e+00  6.02559586e+06 -2.31626491e+00 
 6.16595002e+06 -1.83675151e+00  6.16595002e+06 -2.33419340e+00 
 6.30957344e+06 -2.03817978e+00  6.30957344e+06 -2.35235772e+00 
 6.45654229e+06 -2.23969686e+00  6.45654229e+06 -2.37075778e+00 
 6.60693448e+06 -2.44130231e+00  6.60693448e+06 -2.38939316e+00 
 6.76082975e+06 -2.64299564e+00  6.76082975e+06 -2.40826308e+00 
 6.91830971e+06 -2.84477632e+00  6.91830971e+06 -2.42736639e+00 
 7.07945784e+06 -3.04664373e+00  7.07945784e+06 -2.44670159e+00 
 7.24435960e+06 -3.24859722e+00  7.24435960e+06 -2.46626679e+00 
 7.41310241e+06 -3.45063602e+00  7.41310241e+06 -2.48605971e+00 
 7.58577575e+06 -3.65275927e+00  7.58577575e+06 -2.50607765e+00 
 7.76247117e+06 -3.85496603e+00  7.76247117e+06 -2.52631752e+00 
 7.94328235e+06 -4.05725524e+00  7.94328235e+06 -2.54677580e+00 
 8.12830516e+06 -4.25962571e+00  8.12830516e+06 -2.56744855e+00 
 8.31763771e+06 -4.46207612e+00  8.31763771e+06 -2.58833139e+00 
 8.51138038e+06 -4.66460505e+00  8.51138038e+06 -2.60941952e+00 
 8.70963590e+06 -4.86721089e+00  8.70963590e+06 -2.63070769e+00 
 8.91250938e+06 -5.06989193e+00  8.91250938e+06 -2.65219021e+00 
 9.12010839e+06 -5.27264628e+00  9.12010839e+06 -2.67386097e+00 
 9.33254301e+06 -5.47547190e+00  9.33254301e+06 -2.69571340e+00 
 9.54992586e+06 -5.67836659e+00  9.54992586e+06 -2.71774052e+00 
 9.77237221e+06 -5.88132801e+00  9.77237221e+06 -2.73993491e+00 
 1.00000000e+07 -6.08435363e+00  1.00000000e+07 -2.76228875e+00 
