 1.00000000e+00  9.33716974e+01  1.00000000e+00 -9.69660723e-03 
 1.04712855e+00  9.33716580e+01  1.04712855e+00 -1.01535635e-02 
 1.09647820e+00  9.33716148e+01  1.09647820e+00 -1.06320510e-02 
 1.14815362e+00  9.33715675e+01  1.14815362e+00 -1.11330837e-02 
 1.20226443e+00  9.33715156e+01  1.20226443e+00 -1.16577233e-02 
 1.25892541e+00  9.33714586e+01  1.25892541e+00 -1.22070815e-02 
 1.31825674e+00  9.33713962e+01  1.31825674e+00 -1.27823223e-02 
 1.38038426e+00  9.33713277e+01  1.38038426e+00 -1.33846642e-02 
 1.44543977e+00  9.33712527e+01  1.44543977e+00 -1.40153833e-02 
 1.51356125e+00  9.33711704e+01  1.51356125e+00 -1.46758152e-02 
 1.58489319e+00  9.33710801e+01  1.58489319e+00 -1.53673587e-02 
 1.65958691e+00  9.33709812e+01  1.65958691e+00 -1.60914778e-02 
 1.73780083e+00  9.33708727e+01  1.73780083e+00 -1.68497055e-02 
 1.81970086e+00  9.33707538e+01  1.81970086e+00 -1.76436465e-02 
 1.90546072e+00  9.33706234e+01  1.90546072e+00 -1.84749811e-02 
 1.99526231e+00  9.33704804e+01  1.99526231e+00 -1.93454678e-02 
 2.08929613e+00  9.33703236e+01  2.08929613e+00 -2.02569478e-02 
 2.18776162e+00  9.33701517e+01  2.18776162e+00 -2.12113485e-02 
 2.29086765e+00  9.33699632e+01  2.29086765e+00 -2.22106872e-02 
 2.39883292e+00  9.33697566e+01  2.39883292e+00 -2.32570757e-02 
 2.51188643e+00  9.33695300e+01  2.51188643e+00 -2.43527244e-02 
 2.63026799e+00  9.33692816e+01  2.63026799e+00 -2.54999467e-02 
 2.75422870e+00  9.33690092e+01  2.75422870e+00 -2.67011639e-02 
 2.88403150e+00  9.33687105e+01  2.88403150e+00 -2.79589100e-02 
 3.01995172e+00  9.33683831e+01  3.01995172e+00 -2.92758371e-02 
 3.16227766e+00  9.33680241e+01  3.16227766e+00 -3.06547200e-02 
 3.31131121e+00  9.33676305e+01  3.31131121e+00 -3.20984627e-02 
 3.46736850e+00  9.33671990e+01  3.46736850e+00 -3.36101033e-02 
 3.63078055e+00  9.33667259e+01  3.63078055e+00 -3.51928205e-02 
 3.80189396e+00  9.33662072e+01  3.80189396e+00 -3.68499398e-02 
 3.98107171e+00  9.33656386e+01  3.98107171e+00 -3.85849395e-02 
 4.16869383e+00  9.33650152e+01  4.16869383e+00 -4.04014581e-02 
 4.36515832e+00  9.33643317e+01  4.36515832e+00 -4.23033004e-02 
 4.57088190e+00  9.33635824e+01  4.57088190e+00 -4.42944455e-02 
 4.78630092e+00  9.33627609e+01  4.78630092e+00 -4.63790534e-02 
 5.01187234e+00  9.33618604e+01  5.01187234e+00 -4.85614734e-02 
 5.24807460e+00  9.33608733e+01  5.24807460e+00 -5.08462512e-02 
 5.49540874e+00  9.33597911e+01  5.49540874e+00 -5.32381376e-02 
 5.75439937e+00  9.33586048e+01  5.75439937e+00 -5.57420963e-02 
 6.02559586e+00  9.33573045e+01  6.02559586e+00 -5.83633128e-02 
 6.30957344e+00  9.33558792e+01  6.30957344e+00 -6.11072025e-02 
 6.60693448e+00  9.33543169e+01  6.60693448e+00 -6.39794200e-02 
 6.91830971e+00  9.33526045e+01  6.91830971e+00 -6.69858676e-02 
 7.24435960e+00  9.33507277e+01  7.24435960e+00 -7.01327047e-02 
 7.58577575e+00  9.33486707e+01  7.58577575e+00 -7.34263561e-02 
 7.94328235e+00  9.33464164e+01  7.94328235e+00 -7.68735217e-02 
 8.31763771e+00  9.33439459e+01  8.31763771e+00 -8.04811849e-02 
 8.70963590e+00  9.33412388e+01  8.70963590e+00 -8.42566217e-02 
 9.12010839e+00  9.33382723e+01  9.12010839e+00 -8.82074089e-02 
 9.54992586e+00  9.33350220e+01  9.54992586e+00 -9.23414320e-02 
 1.00000000e+01  9.33314610e+01  1.00000000e+01 -9.66668936e-02 
 1.04712855e+01  9.33275597e+01  1.04712855e+01 -1.01192320e-01 
 1.09647820e+01  9.33232860e+01  1.09647820e+01 -1.05926566e-01 
 1.14815362e+01  9.33186049e+01  1.14815362e+01 -1.10878825e-01 
 1.20226443e+01  9.33134779e+01  1.20226443e+01 -1.16058625e-01 
 1.25892541e+01  9.33078632e+01  1.25892541e+01 -1.21475842e-01 
 1.31825674e+01  9.33017152e+01  1.31825674e+01 -1.27140689e-01 
 1.38038426e+01  9.32949840e+01  1.38038426e+01 -1.33063727e-01 
 1.44543977e+01  9.32876154e+01  1.44543977e+01 -1.39255853e-01 
 1.51356125e+01  9.32795501e+01  1.51356125e+01 -1.45728297e-01 
 1.58489319e+01  9.32707240e+01  1.58489319e+01 -1.52492616e-01 
 1.65958691e+01  9.32610669e+01  1.65958691e+01 -1.59560675e-01 
 1.73780083e+01  9.32505027e+01  1.73780083e+01 -1.66944638e-01 
 1.81970086e+01  9.32389488e+01  1.81970086e+01 -1.74656939e-01 
 1.90546072e+01  9.32263154e+01  1.90546072e+01 -1.82710260e-01 
 1.99526231e+01  9.32125052e+01  1.99526231e+01 -1.91117496e-01 
 2.08929613e+01  9.31974130e+01  2.08929613e+01 -1.99891718e-01 
 2.18776162e+01  9.31809248e+01  2.18776162e+01 -2.09046123e-01 
 2.29086765e+01  9.31629174e+01  2.29086765e+01 -2.18593980e-01 
 2.39883292e+01  9.31432582e+01  2.39883292e+01 -2.28548565e-01 
 2.51188643e+01  9.31218042e+01  2.51188643e+01 -2.38923089e-01 
 2.63026799e+01  9.30984014e+01  2.63026799e+01 -2.49730608e-01 
 2.75422870e+01  9.30728849e+01  2.75422870e+01 -2.60983931e-01 
 2.88403150e+01  9.30450778e+01  2.88403150e+01 -2.72695509e-01 
 3.01995172e+01  9.30147913e+01  3.01995172e+01 -2.84877313e-01 
 3.16227766e+01  9.29818237e+01  3.16227766e+01 -2.97540698e-01 
 3.31131121e+01  9.29459608e+01  3.31131121e+01 -3.10696255e-01 
 3.46736850e+01  9.29069753e+01  3.46736850e+01 -3.24353650e-01 
 3.63078055e+01  9.28646270e+01  3.63078055e+01 -3.38521446e-01 
 3.80189396e+01  9.28186628e+01  3.80189396e+01 -3.53206914e-01 
 3.98107171e+01  9.27688170e+01  3.98107171e+01 -3.68415838e-01 
 4.16869383e+01  9.27148117e+01  4.16869383e+01 -3.84152305e-01 
 4.36515832e+01  9.26563579e+01  4.36515832e+01 -4.00418485e-01 
 4.57088190e+01  9.25931561e+01  4.57088190e+01 -4.17214419e-01 
 4.78630092e+01  9.25248978e+01  4.78630092e+01 -4.34537797e-01 
 5.01187234e+01  9.24512668e+01  5.01187234e+01 -4.52383743e-01 
 5.24807460e+01  9.23719415e+01  5.24807460e+01 -4.70744613e-01 
 5.49540874e+01  9.22865967e+01  5.49540874e+01 -4.89609805e-01 
 5.75439937e+01  9.21949061e+01  5.75439937e+01 -5.08965598e-01 
 6.02559586e+01  9.20965456e+01  6.02559586e+01 -5.28795016e-01 
 6.30957344e+01  9.19911958e+01  6.30957344e+01 -5.49077724e-01 
 6.60693448e+01  9.18785455e+01  6.60693448e+01 -5.69789981e-01 
 6.91830971e+01  9.17582953e+01  6.91830971e+01 -5.90904629e-01 
 7.24435960e+01  9.16301613e+01  7.24435960e+01 -6.12391147e-01 
 7.58577575e+01  9.14938783e+01  7.58577575e+01 -6.34215759e-01 
 7.94328235e+01  9.13492040e+01  7.94328235e+01 -6.56341608e-01 
 8.31763771e+01  9.11959220e+01  8.31763771e+01 -6.78728989e-01 
 8.70963590e+01  9.10338453e+01  8.70963590e+01 -7.01335651e-01 
 9.12010839e+01  9.08628191e+01  9.12010839e+01 -7.24117149e-01 
 9.54992586e+01  9.06827233e+01  9.54992586e+01 -7.47027252e-01 
 1.00000000e+02  9.04934746e+01  1.00000000e+02 -7.70018396e-01 
 1.04712855e+02  9.02950275e+01  1.04712855e+02 -7.93042166e-01 
 1.09647820e+02  9.00873755e+01  1.09647820e+02 -8.16049802e-01 
 1.14815362e+02  8.98705508e+01  1.14815362e+02 -8.38992717e-01 
 1.20226443e+02  8.96446243e+01  1.20226443e+02 -8.61823003e-01 
 1.25892541e+02  8.94097038e+01  1.25892541e+02 -8.84493929e-01 
 1.31825674e+02  8.91659327e+01  1.31825674e+02 -9.06960399e-01 
 1.38038426e+02  8.89134874e+01  1.38038426e+02 -9.29179381e-01 
 1.44543977e+02  8.86525747e+01  1.44543977e+02 -9.51110276e-01 
 1.51356125e+02  8.83834285e+01  1.51356125e+02 -9.72715237e-01 
 1.58489319e+02  8.81063068e+01  1.58489319e+02 -9.93959429e-01 
 1.65958691e+02  8.78214876e+01  1.65958691e+02 -1.01481122e+00 
 1.73780083e+02  8.75292654e+01  1.73780083e+02 -1.03524230e+00 
 1.81970086e+02  8.72299479e+01  1.81970086e+02 -1.05522779e+00 
 1.90546072e+02  8.69238520e+01  1.90546072e+02 -1.07474620e+00 
 1.99526231e+02  8.66113006e+01  1.99526231e+02 -1.09377944e+00 
 2.08929613e+02  8.62926197e+01  2.08929613e+02 -1.11231271e+00 
 2.18776162e+02  8.59681351e+01  2.18776162e+02 -1.13033436e+00 
 2.29086765e+02  8.56381698e+01  2.29086765e+02 -1.14783578e+00 
 2.39883292e+02  8.53030421e+01  2.39883292e+02 -1.16481118e+00 
 2.51188643e+02  8.49630633e+01  2.51188643e+02 -1.18125742e+00 
 2.63026799e+02  8.46185361e+01  2.63026799e+02 -1.19717377e+00 
 2.75422870e+02  8.42697532e+01  2.75422870e+02 -1.21256170e+00 
 2.88403150e+02  8.39169963e+01  2.88403150e+02 -1.22742470e+00 
 3.01995172e+02  8.35605352e+01  3.01995172e+02 -1.24176798e+00 
 3.16227766e+02  8.32006274e+01  3.16227766e+02 -1.25559836e+00 
 3.31131121e+02  8.28375174e+01  3.31131121e+02 -1.26892399e+00 
 3.46736850e+02  8.24714369e+01  3.46736850e+02 -1.28175417e+00 
 3.63078055e+02  8.21026045e+01  3.63078055e+02 -1.29409922e+00 
 3.80189396e+02  8.17312261e+01  3.80189396e+02 -1.30597025e+00 
 3.98107171e+02  8.13574948e+01  3.98107171e+02 -1.31737905e+00 
 4.16869383e+02  8.09815915e+01  4.16869383e+02 -1.32833792e+00 
 4.36515832e+02  8.06036850e+01  4.36515832e+02 -1.33885957e+00 
 4.57088190e+02  8.02239331e+01  4.57088190e+02 -1.34895699e+00 
 4.78630092e+02  7.98424822e+01  4.78630092e+02 -1.35864336e+00 
 5.01187234e+02  7.94594686e+01  5.01187234e+02 -1.36793194e+00 
 5.24807460e+02  7.90750185e+01  5.24807460e+02 -1.37683602e+00 
 5.49540874e+02  7.86892488e+01  5.49540874e+02 -1.38536883e+00 
 5.75439937e+02  7.83022679e+01  5.75439937e+02 -1.39354350e+00 
 6.02559586e+02  7.79141755e+01  6.02559586e+02 -1.40137300e+00 
 6.30957344e+02  7.75250639e+01  6.30957344e+02 -1.40887009e+00 
 6.60693448e+02  7.71350181e+01  6.60693448e+02 -1.41604730e+00 
 6.91830971e+02  7.67441164e+01  6.91830971e+02 -1.42291690e+00 
 7.24435960e+02  7.63524308e+01  7.24435960e+02 -1.42949086e+00 
 7.58577575e+02  7.59600275e+01  7.58577575e+02 -1.43578085e+00 
 7.94328235e+02  7.55669674e+01  7.94328235e+02 -1.44179823e+00 
 8.31763771e+02  7.51733063e+01  8.31763771e+02 -1.44755402e+00 
 8.70963590e+02  7.47790956e+01  8.70963590e+02 -1.45305890e+00 
 9.12010839e+02  7.43843822e+01  9.12010839e+02 -1.45832321e+00 
 9.54992586e+02  7.39892092e+01  9.54992586e+02 -1.46335696e+00 
 1.00000000e+03  7.35936163e+01  1.00000000e+03 -1.46816980e+00 
 1.04712855e+03  7.31976394e+01  1.04712855e+03 -1.47277106e+00 
 1.09647820e+03  7.28013118e+01  1.09647820e+03 -1.47716971e+00 
 1.14815362e+03  7.24046638e+01  1.14815362e+03 -1.48137440e+00 
 1.20226443e+03  7.20077231e+01  1.20226443e+03 -1.48539346e+00 
 1.25892541e+03  7.16105151e+01  1.25892541e+03 -1.48923490e+00 
 1.31825674e+03  7.12130630e+01  1.31825674e+03 -1.49290641e+00 
 1.38038426e+03  7.08153880e+01  1.38038426e+03 -1.49641539e+00 
 1.44543977e+03  7.04175095e+01  1.44543977e+03 -1.49976894e+00 
 1.51356125e+03  7.00194453e+01  1.51356125e+03 -1.50297387e+00 
 1.58489319e+03  6.96212115e+01  1.58489319e+03 -1.50603672e+00 
 1.65958691e+03  6.92228229e+01  1.65958691e+03 -1.50896375e+00 
 1.73780083e+03  6.88242930e+01  1.73780083e+03 -1.51176097e+00 
 1.81970086e+03  6.84256342e+01  1.81970086e+03 -1.51443415e+00 
 1.90546072e+03  6.80268578e+01  1.90546072e+03 -1.51698881e+00 
 1.99526231e+03  6.76279740e+01  1.99526231e+03 -1.51943022e+00 
 2.08929613e+03  6.72289922e+01  2.08929613e+03 -1.52176346e+00 
 2.18776162e+03  6.68299211e+01  2.18776162e+03 -1.52399337e+00 
 2.29086765e+03  6.64307684e+01  2.29086765e+03 -1.52612459e+00 
 2.39883292e+03  6.60315413e+01  2.39883292e+03 -1.52816158e+00 
 2.51188643e+03  6.56322463e+01  2.51188643e+03 -1.53010858e+00 
 2.63026799e+03  6.52328894e+01  2.63026799e+03 -1.53196967e+00 
 2.75422870e+03  6.48334759e+01  2.75422870e+03 -1.53374874e+00 
 2.88403150e+03  6.44340110e+01  2.88403150e+03 -1.53544953e+00 
 3.01995172e+03  6.40344990e+01  3.01995172e+03 -1.53707560e+00 
 3.16227766e+03  6.36349441e+01  3.16227766e+03 -1.53863036e+00 
 3.31131121e+03  6.32353501e+01  3.31131121e+03 -1.54011710e+00 
 3.46736850e+03  6.28357204e+01  3.46736850e+03 -1.54153893e+00 
 3.63078055e+03  6.24360581e+01  3.63078055e+03 -1.54289885e+00 
 3.80189396e+03  6.20363662e+01  3.80189396e+03 -1.54419973e+00 
 3.98107171e+03  6.16366471e+01  3.98107171e+03 -1.54544430e+00 
 4.16869383e+03  6.12369034e+01  4.16869383e+03 -1.54663520e+00 
 4.36515832e+03  6.08371371e+01  4.36515832e+03 -1.54777494e+00 
 4.57088190e+03  6.04373503e+01  4.57088190e+03 -1.54886592e+00 
 4.78630092e+03  6.00375447e+01  4.78630092e+03 -1.54991044e+00 
 5.01187234e+03  5.96377221e+01  5.01187234e+03 -1.55091072e+00 
 5.24807460e+03  5.92378838e+01  5.24807460e+03 -1.55186887e+00 
 5.49540874e+03  5.88380313e+01  5.49540874e+03 -1.55278692e+00 
 5.75439937e+03  5.84381658e+01  5.75439937e+03 -1.55366680e+00 
 6.02559586e+03  5.80382885e+01  6.02559586e+03 -1.55451038e+00 
 6.30957344e+03  5.76384004e+01  6.30957344e+03 -1.55531944e+00 
 6.60693448e+03  5.72385025e+01  6.60693448e+03 -1.55609570e+00 
 6.91830971e+03  5.68385956e+01  6.91830971e+03 -1.55684081e+00 
 7.24435960e+03  5.64386804e+01  7.24435960e+03 -1.55755632e+00 
 7.58577575e+03  5.60387579e+01  7.58577575e+03 -1.55824377e+00 
 7.94328235e+03  5.56388285e+01  7.94328235e+03 -1.55890461e+00 
 8.31763771e+03  5.52388929e+01  8.31763771e+03 -1.55954024e+00 
 8.70963590e+03  5.48389516e+01  8.70963590e+03 -1.56015200e+00 
 9.12010839e+03  5.44390052e+01  9.12010839e+03 -1.56074119e+00 
 9.54992586e+03  5.40390540e+01  9.54992586e+03 -1.56130907e+00 
 1.00000000e+04  5.36390986e+01  1.00000000e+04 -1.56185682e+00 
 1.04712855e+04  5.32391392e+01  1.04712855e+04 -1.56238562e+00 
 1.09647820e+04  5.28391763e+01  1.09647820e+04 -1.56289659e+00 
 1.14815362e+04  5.24392101e+01  1.14815362e+04 -1.56339081e+00 
 1.20226443e+04  5.20392409e+01  1.20226443e+04 -1.56386932e+00 
 1.25892541e+04  5.16392691e+01  1.25892541e+04 -1.56433314e+00 
 1.31825674e+04  5.12392947e+01  1.31825674e+04 -1.56478325e+00 
 1.38038426e+04  5.08393181e+01  1.38038426e+04 -1.56522062e+00 
 1.44543977e+04  5.04393394e+01  1.44543977e+04 -1.56564615e+00 
 1.51356125e+04  5.00393589e+01  1.51356125e+04 -1.56606077e+00 
 1.58489319e+04  4.96393766e+01  1.58489319e+04 -1.56646534e+00 
 1.65958691e+04  4.92393928e+01  1.65958691e+04 -1.56686073e+00 
 1.73780083e+04  4.88394076e+01  1.73780083e+04 -1.56724777e+00 
 1.81970086e+04  4.84394211e+01  1.81970086e+04 -1.56762729e+00 
 1.90546072e+04  4.80394333e+01  1.90546072e+04 -1.56800008e+00 
 1.99526231e+04  4.76394445e+01  1.99526231e+04 -1.56836695e+00 
 2.08929613e+04  4.72394548e+01  2.08929613e+04 -1.56872866e+00 
 2.18776162e+04  4.68394641e+01  2.18776162e+04 -1.56908599e+00 
 2.29086765e+04  4.64394726e+01  2.29086765e+04 -1.56943969e+00 
 2.39883292e+04  4.60394803e+01  2.39883292e+04 -1.56979051e+00 
 2.51188643e+04  4.56394874e+01  2.51188643e+04 -1.57013920e+00 
 2.63026799e+04  4.52394939e+01  2.63026799e+04 -1.57048650e+00 
 2.75422870e+04  4.48394998e+01  2.75422870e+04 -1.57083314e+00 
 2.88403150e+04  4.44395052e+01  2.88403150e+04 -1.57117985e+00 
 3.01995172e+04  4.40395101e+01  3.01995172e+04 -1.57152739e+00 
 3.16227766e+04  4.36395146e+01  3.16227766e+04 -1.57187647e+00 
 3.31131121e+04  4.32395186e+01  3.31131121e+04 -1.57222784e+00 
 3.46736850e+04  4.28395224e+01  3.46736850e+04 -1.57258225e+00 
 3.63078055e+04  4.24395258e+01  3.63078055e+04 -1.57294045e+00 
 3.80189396e+04  4.20395289e+01  3.80189396e+04 -1.57330319e+00 
 3.98107171e+04  4.16395318e+01  3.98107171e+04 -1.57367126e+00 
 4.16869383e+04  4.12395344e+01  4.16869383e+04 -1.57404542e+00 
 4.36515832e+04  4.08395368e+01  4.36515832e+04 -1.57442647e+00 
 4.57088190e+04  4.04395390e+01  4.57088190e+04 -1.57481522e+00 
 4.78630092e+04  4.00395410e+01  4.78630092e+04 -1.57521250e+00 
 5.01187234e+04  3.96395428e+01  5.01187234e+04 -1.57561914e+00 
 5.24807460e+04  3.92395445e+01  5.24807460e+04 -1.57603602e+00 
 5.49540874e+04  3.88395461e+01  5.49540874e+04 -1.57646401e+00 
 5.75439937e+04  3.84395475e+01  5.75439937e+04 -1.57690401e+00 
 6.02559586e+04  3.80395488e+01  6.02559586e+04 -1.57735698e+00 
 6.30957344e+04  3.76395501e+01  6.30957344e+04 -1.57782385e+00 
 6.60693448e+04  3.72395512e+01  6.60693448e+04 -1.57830564e+00 
 6.91830971e+04  3.68395523e+01  6.91830971e+04 -1.57880335e+00 
 7.24435960e+04  3.64395533e+01  7.24435960e+04 -1.57931804e+00 
 7.58577575e+04  3.60395542e+01  7.58577575e+04 -1.57985081e+00 
 7.94328235e+04  3.56395551e+01  7.94328235e+04 -1.58040278e+00 
 8.31763771e+04  3.52395559e+01  8.31763771e+04 -1.58097513e+00 
 8.70963590e+04  3.48395567e+01  8.70963590e+04 -1.58156906e+00 
 9.12010839e+04  3.44395574e+01  9.12010839e+04 -1.58218585e+00 
 9.54992586e+04  3.40395582e+01  9.54992586e+04 -1.58282679e+00 
 1.00000000e+05  3.36395589e+01  1.00000000e+05 -1.58349324e+00 
 1.04712855e+05  3.32395596e+01  1.04712855e+05 -1.58418662e+00 
 1.09647820e+05  3.28395603e+01  1.09647820e+05 -1.58490840e+00 
 1.14815362e+05  3.24395610e+01  1.14815362e+05 -1.58566011e+00 
 1.20226443e+05  3.20395617e+01  1.20226443e+05 -1.58644334e+00 
 1.25892541e+05  3.16395624e+01  1.25892541e+05 -1.58725976e+00 
 1.31825674e+05  3.12395631e+01  1.31825674e+05 -1.58811109e+00 
 1.38038426e+05  3.08395639e+01  1.38038426e+05 -1.58899914e+00 
 1.44543977e+05  3.04395647e+01  1.44543977e+05 -1.58992578e+00 
 1.51356125e+05  3.00395655e+01  1.51356125e+05 -1.59089300e+00 
 1.58489319e+05  2.96395663e+01  1.58489319e+05 -1.59190283e+00 
 1.65958691e+05  2.92395672e+01  1.65958691e+05 -1.59295741e+00 
 1.73780083e+05  2.88395682e+01  1.73780083e+05 -1.59405898e+00 
 1.81970086e+05  2.84395692e+01  1.81970086e+05 -1.59520988e+00 
 1.90546072e+05  2.80395704e+01  1.90546072e+05 -1.59641254e+00 
 1.99526231e+05  2.76395715e+01  1.99526231e+05 -1.59766951e+00 
 2.08929613e+05  2.72395728e+01  2.08929613e+05 -1.59898345e+00 
 2.18776162e+05  2.68395742e+01  2.18776162e+05 -1.60035715e+00 
 2.29086765e+05  2.64395757e+01  2.29086765e+05 -1.60179351e+00 
 2.39883292e+05  2.60395774e+01  2.39883292e+05 -1.60329558e+00 
 2.51188643e+05  2.56395791e+01  2.51188643e+05 -1.60486653e+00 
 2.63026799e+05  2.52395811e+01  2.63026799e+05 -1.60650969e+00 
 2.75422870e+05  2.48395832e+01  2.75422870e+05 -1.60822854e+00 
 2.88403150e+05  2.44395855e+01  2.88403150e+05 -1.61002671e+00 
 3.01995172e+05  2.40395880e+01  3.01995172e+05 -1.61190801e+00 
 3.16227766e+05  2.36395908e+01  3.16227766e+05 -1.61387640e+00 
 3.31131121e+05  2.32395938e+01  3.31131121e+05 -1.61593606e+00 
 3.46736850e+05  2.28395971e+01  3.46736850e+05 -1.61809134e+00 
 3.63078055e+05  2.24396007e+01  3.63078055e+05 -1.62034678e+00 
 3.80189396e+05  2.20396046e+01  3.80189396e+05 -1.62270715e+00 
 3.98107171e+05  2.16396090e+01  3.98107171e+05 -1.62517742e+00 
 4.16869383e+05  2.12396137e+01  4.16869383e+05 -1.62776282e+00 
 4.36515832e+05  2.08396189e+01  4.36515832e+05 -1.63046879e+00 
 4.57088190e+05  2.04396246e+01  4.57088190e+05 -1.63330102e+00 
 4.78630092e+05  2.00396308e+01  4.78630092e+05 -1.63626548e+00 
 5.01187234e+05  1.96396376e+01  5.01187234e+05 -1.63936842e+00 
 5.24807460e+05  1.92396451e+01  5.24807460e+05 -1.64261634e+00 
 5.49540874e+05  1.88396533e+01  5.49540874e+05 -1.64601608e+00 
 5.75439937e+05  1.84396622e+01  5.75439937e+05 -1.64957475e+00 
 6.02559586e+05  1.80396721e+01  6.02559586e+05 -1.65329984e+00 
 6.30957344e+05  1.76396828e+01  6.30957344e+05 -1.65719912e+00 
 6.60693448e+05  1.72396946e+01  6.60693448e+05 -1.66128076e+00 
 6.91830971e+05  1.68397076e+01  6.91830971e+05 -1.66555327e+00 
 7.24435960e+05  1.64397217e+01  7.24435960e+05 -1.67002557e+00 
 7.58577575e+05  1.60397373e+01  7.58577575e+05 -1.67470696e+00 
 7.94328235e+05  1.56397543e+01  7.94328235e+05 -1.67960717e+00 
 8.31763771e+05  1.52397730e+01  8.31763771e+05 -1.68473635e+00 
 8.70963590e+05  1.48397934e+01  8.70963590e+05 -1.69010512e+00 
 9.12010839e+05  1.44398158e+01  9.12010839e+05 -1.69572455e+00 
 9.54992586e+05  1.40398403e+01  9.54992586e+05 -1.70160621e+00 
 1.00000000e+06  1.36398672e+01  1.00000000e+06 -1.70776217e+00 
 1.04712855e+06  1.32398967e+01  1.04712855e+06 -1.71420502e+00 
 1.09647820e+06  1.28399290e+01  1.09647820e+06 -1.72094789e+00 
 1.14815362e+06  1.24399643e+01  1.14815362e+06 -1.72800447e+00 
 1.20226443e+06  1.20400030e+01  1.20226443e+06 -1.73538902e+00 
 1.25892541e+06  1.16400454e+01  1.25892541e+06 -1.74311640e+00 
 1.31825674e+06  1.12400918e+01  1.31825674e+06 -1.75120209e+00 
 1.38038426e+06  1.08401426e+01  1.38038426e+06 -1.75966216e+00 
 1.44543977e+06  1.04401983e+01  1.44543977e+06 -1.76851336e+00 
 1.51356125e+06  1.00402591e+01  1.51356125e+06 -1.77777307e+00 
 1.58489319e+06  9.64032576e+00  1.58489319e+06 -1.78745935e+00 
 1.65958691e+06  9.24039865e+00  1.65958691e+06 -1.79759091e+00 
 1.73780083e+06  8.84047839e+00  1.73780083e+06 -1.80818717e+00 
 1.81970086e+06  8.44056560e+00  1.81970086e+06 -1.81926821e+00 
 1.90546072e+06  8.04066094e+00  1.90546072e+06 -1.83085483e+00 
 1.99526231e+06  7.64076517e+00  1.99526231e+06 -1.84296847e+00 
 2.08929613e+06  7.24087906e+00  2.08929613e+06 -1.85563128e+00 
 2.18776162e+06  6.84100347e+00  2.18776162e+06 -1.86886604e+00 
 2.29086765e+06  6.44113934e+00  2.29086765e+06 -1.88269619e+00 
 2.39883292e+06  6.04128765e+00  2.39883292e+06 -1.89714575e+00 
 2.51188643e+06  5.64144947e+00  2.51188643e+06 -1.91223935e+00 
 2.63026799e+06  5.24162597e+00  2.63026799e+06 -1.92800209e+00 
 2.75422870e+06  4.84181838e+00  2.75422870e+06 -1.94445958e+00 
 2.88403150e+06  4.44202801e+00  2.88403150e+06 -1.96163779e+00 
 3.01995172e+06  4.04225626e+00  3.01995172e+06 -1.97956300e+00 
 3.16227766e+06  3.64250465e+00  3.16227766e+06 -1.99826170e+00 
 3.31131121e+06  3.24277475e+00  3.31131121e+06 -2.01776045e+00 
 3.46736850e+06  2.84306824e+00  3.46736850e+06 -2.03808576e+00 
 3.63078055e+06  2.44338687e+00  3.63078055e+06 -2.05926392e+00 
 3.80189396e+06  2.04373250e+00  3.80189396e+06 -2.08132083e+00 
 3.98107171e+06  1.64410705e+00  3.98107171e+06 -2.10428177e+00 
 4.16869383e+06  1.24451250e+00  4.16869383e+06 -2.12817121e+00 
 4.36515832e+06  8.44950903e-01  4.36515832e+06 -2.15301250e+00 
 4.57088190e+06  4.45424358e-01  4.57088190e+06 -2.17882764e+00 
 4.78630092e+06  4.59349817e-02  4.78630092e+06 -2.20563694e+00 
 5.01187234e+06 -3.53515099e-01  5.01187234e+06 -2.23345866e+00 
 5.24807460e+06 -7.52923776e-01  5.24807460e+06 -2.26230870e+00 
 5.49540874e+06 -1.15228899e+00  5.49540874e+06 -2.29220016e+00 
 5.75439937e+06 -1.55160877e+00  5.75439937e+06 -2.32314299e+00 
 6.02559586e+06 -1.95088125e+00  6.02559586e+06 -2.35514349e+00 
 6.30957344e+06 -2.35010473e+00  6.30957344e+06 -2.38820395e+00 
 6.60693448e+06 -2.74927774e+00  6.60693448e+06 -2.42232215e+00 
 6.91830971e+06 -3.14839903e+00  6.91830971e+06 -2.45749097e+00 
 7.24435960e+06 -3.54746769e+00  7.24435960e+06 -2.49369795e+00 
 7.58577575e+06 -3.94648313e+00  7.58577575e+06 -2.53092490e+00 
 7.94328235e+06 -4.34544520e+00  7.94328235e+06 -2.56914755e+00 
 8.31763771e+06 -4.74435421e+00  8.31763771e+06 -2.60833523e+00 
 8.70963590e+06 -5.14321095e+00  8.70963590e+06 -2.64845068e+00 
 9.12010839e+06 -5.54201677e+00  9.12010839e+06 -2.68944984e+00 
 9.54992586e+06 -5.94077358e+00  9.54992586e+06 -2.73128181e+00 
 1.00000000e+07 -6.33948391e+00  1.00000000e+07 -2.77388891e+00 
 1.04712855e+07 -6.73815084e+00  1.04712855e+07 -2.81720682e+00 
 1.09647820e+07 -7.13677810e+00  1.09647820e+07 -2.86116487e+00 
 1.14815362e+07 -7.53536993e+00  1.14815362e+07 -2.90568645e+00 
 1.20226443e+07 -7.93393114e+00  1.20226443e+07 -2.95068952e+00 
 1.25892541e+07 -8.33246701e+00  1.25892541e+07 -2.99608731e+00 
 1.31825674e+07 -8.73098321e+00  1.31825674e+07 -3.04178904e+00 
 1.38038426e+07 -9.12948574e+00  1.38038426e+07 -3.08770080e+00 
 1.44543977e+07 -9.52798082e+00  1.44543977e+07 -3.13372650e+00 
 1.51356125e+07 -9.92647482e+00  1.51356125e+07  3.10341648e+00 
 1.58489319e+07 -1.03249741e+01  1.58489319e+07  3.05745498e+00 
 1.65958691e+07 -1.07234849e+01  1.65958691e+07  3.01167095e+00 
 1.73780083e+07 -1.11220134e+01  1.73780083e+07  2.96615914e+00 
 1.81970086e+07 -1.15205654e+01  1.81970086e+07  2.92101150e+00 
 1.90546072e+07 -1.19191462e+01  1.90546072e+07  2.87631627e+00 
 1.99526231e+07 -1.23177609e+01  1.99526231e+07  2.83215717e+00 
 2.08929613e+07 -1.27164138e+01  2.08929613e+07  2.78861274e+00 
 2.18776162e+07 -1.31151089e+01  2.18776162e+07  2.74575573e+00 
 2.29086765e+07 -1.35138496e+01  2.29086765e+07  2.70365265e+00 
 2.39883292e+07 -1.39126384e+01  2.39883292e+07  2.66236350e+00 
 2.51188643e+07 -1.43114776e+01  2.51188643e+07  2.62194149e+00 
 2.63026799e+07 -1.47103687e+01  2.63026799e+07  2.58243300e+00 
 2.75422870e+07 -1.51093126e+01  2.75422870e+07  2.54387762e+00 
 2.88403150e+07 -1.55083098e+01  2.88403150e+07  2.50630824e+00 
 3.01995172e+07 -1.59073603e+01  3.01995172e+07  2.46975128e+00 
 3.16227766e+07 -1.63064637e+01  3.16227766e+07  2.43422697e+00 
 3.31131121e+07 -1.67056192e+01  3.31131121e+07  2.39974969e+00 
 3.46736850e+07 -1.71048256e+01  3.46736850e+07  2.36632834e+00 
 3.63078055e+07 -1.75040816e+01  3.63078055e+07  2.33396675e+00 
 3.80189396e+07 -1.79033854e+01  3.80189396e+07  2.30266414e+00 
 3.98107171e+07 -1.83027353e+01  3.98107171e+07  2.27241552e+00 
 4.16869383e+07 -1.87021294e+01  4.16869383e+07  2.24321214e+00 
 4.36515832e+07 -1.91015656e+01  4.36515832e+07  2.21504193e+00 
 4.57088190e+07 -1.95010418e+01  4.57088190e+07  2.18788991e+00 
 4.78630092e+07 -1.99005559e+01  4.78630092e+07  2.16173858e+00 
 5.01187234e+07 -2.03001057e+01  5.01187234e+07  2.13656828e+00 
 5.24807460e+07 -2.06996893e+01  5.24807460e+07  2.11235758e+00 
 5.49540874e+07 -2.10993044e+01  5.49540874e+07  2.08908354e+00 
 5.75439937e+07 -2.14989491e+01  5.75439937e+07  2.06672205e+00 
 6.02559586e+07 -2.18986215e+01  6.02559586e+07  2.04524807e+00 
 6.30957344e+07 -2.22983196e+01  6.30957344e+07  2.02463591e+00 
 6.60693448e+07 -2.26980417e+01  6.60693448e+07  2.00485939e+00 
 6.91830971e+07 -2.30977861e+01  6.91830971e+07  1.98589205e+00 
 7.24435960e+07 -2.34975512e+01  7.24435960e+07  1.96770733e+00 
 7.58577575e+07 -2.38973353e+01  7.58577575e+07  1.95027872e+00 
 7.94328235e+07 -2.42971372e+01  7.94328235e+07  1.93357985e+00 
 8.31763771e+07 -2.46969554e+01  8.31763771e+07  1.91758463e+00 
 8.70963590e+07 -2.50967887e+01  8.70963590e+07  1.90226734e+00 
 9.12010839e+07 -2.54966359e+01  9.12010839e+07  1.88760269e+00 
 9.54992586e+07 -2.58964959e+01  9.54992586e+07  1.87356589e+00 
 1.00000000e+08 -2.62963677e+01  1.00000000e+08  1.86013272e+00 
 1.04712855e+08 -2.66962503e+01  1.04712855e+08  1.84727953e+00 
 1.09647820e+08 -2.70961429e+01  1.09647820e+08  1.83498332e+00 
 1.14815362e+08 -2.74960446e+01  1.14815362e+08  1.82322173e+00 
 1.20226443e+08 -2.78959547e+01  1.20226443e+08  1.81197309e+00 
 1.25892541e+08 -2.82958725e+01  1.25892541e+08  1.80121637e+00 
 1.31825674e+08 -2.86957973e+01  1.31825674e+08  1.79093126e+00 
 1.38038426e+08 -2.90957286e+01  1.38038426e+08  1.78109813e+00 
 1.44543977e+08 -2.94956659e+01  1.44543977e+08  1.77169801e+00 
 1.51356125e+08 -2.98956085e+01  1.51356125e+08  1.76271264e+00 
 1.58489319e+08 -3.02955561e+01  1.58489319e+08  1.75412442e+00 
 1.65958691e+08 -3.06955082e+01  1.65958691e+08  1.74591639e+00 
 1.73780083e+08 -3.10954645e+01  1.73780083e+08  1.73807225e+00 
 1.81970086e+08 -3.14954246e+01  1.81970086e+08  1.73057634e+00 
 1.90546072e+08 -3.18953881e+01  1.90546072e+08  1.72341359e+00 
 1.99526231e+08 -3.22953548e+01  1.99526231e+08  1.71656955e+00 
 2.08929613e+08 -3.26953245e+01  2.08929613e+08  1.71003035e+00 
 2.18776162e+08 -3.30952967e+01  2.18776162e+08  1.70378268e+00 
 2.29086765e+08 -3.34952714e+01  2.29086765e+08  1.69781376e+00 
 2.39883292e+08 -3.38952483e+01  2.39883292e+08  1.69211138e+00 
 2.51188643e+08 -3.42952272e+01  2.51188643e+08  1.68666380e+00 
 2.63026799e+08 -3.46952080e+01  2.63026799e+08  1.68145979e+00 
 2.75422870e+08 -3.50951904e+01  2.75422870e+08  1.67648860e+00 
 2.88403150e+08 -3.54951744e+01  2.88403150e+08  1.67173993e+00 
 3.01995172e+08 -3.58951598e+01  3.01995172e+08  1.66720392e+00 
 3.16227766e+08 -3.62951464e+01  3.16227766e+08  1.66287113e+00 
 3.31131121e+08 -3.66951343e+01  3.31131121e+08  1.65873255e+00 
 3.46736850e+08 -3.70951232e+01  3.46736850e+08  1.65477953e+00 
 3.63078055e+08 -3.74951130e+01  3.63078055e+08  1.65100381e+00 
 3.80189396e+08 -3.78951038e+01  3.80189396e+08  1.64739749e+00 
 3.98107171e+08 -3.82950954e+01  3.98107171e+08  1.64395302e+00 
 4.16869383e+08 -3.86950877e+01  4.16869383e+08  1.64066316e+00 
 4.36515832e+08 -3.90950807e+01  4.36515832e+08  1.63752103e+00 
 4.57088190e+08 -3.94950743e+01  4.57088190e+08  1.63452000e+00 
 4.78630092e+08 -3.98950684e+01  4.78630092e+08  1.63165377e+00 
 5.01187234e+08 -4.02950631e+01  5.01187234e+08  1.62891632e+00 
 5.24807460e+08 -4.06950582e+01  5.24807460e+08  1.62630186e+00 
 5.49540874e+08 -4.10950538e+01  5.49540874e+08  1.62380490e+00 
 5.75439937e+08 -4.14950498e+01  5.75439937e+08  1.62142016e+00 
 6.02559586e+08 -4.18950461e+01  6.02559586e+08  1.61914262e+00 
 6.30957344e+08 -4.22950427e+01  6.30957344e+08  1.61696747e+00 
 6.60693448e+08 -4.26950397e+01  6.60693448e+08  1.61489012e+00 
 6.91830971e+08 -4.30950369e+01  6.91830971e+08  1.61290617e+00 
 7.24435960e+08 -4.34950343e+01  7.24435960e+08  1.61101144e+00 
 7.58577575e+08 -4.38950320e+01  7.58577575e+08  1.60920191e+00 
 7.94328235e+08 -4.42950299e+01  7.94328235e+08  1.60747377e+00 
 8.31763771e+08 -4.46950279e+01  8.31763771e+08  1.60582336e+00 
 8.70963590e+08 -4.50950262e+01  8.70963590e+08  1.60424719e+00 
 9.12010839e+08 -4.54950245e+01  9.12010839e+08  1.60274191e+00 
 9.54992586e+08 -4.58950231e+01  9.54992586e+08  1.60130435e+00 
 1.00000000e+09 -4.62950217e+01  1.00000000e+09  1.59993146e+00 
